$SPEC_ID:
No sample description was entered.
$SPEC_REM:
DET# 2
DETDESC# SPACESCIENCE8 digiBASE-RH SN 15121449
AP# Maestro Version 7.01
$DATE_MEA:
09/23/2024 15:19:00
$MEAS_TIM:
209 211
$DATA:
0 1023
       0
       0
       0
       0
       0
       0
       0
       0
       0
       0
    1523
    5064
    4475
    3976
    3919
    4509
    5395
    6829
    8513
   10988
   13432
   16216
   18809
   21298
   23060
   24363
   24796
   24036
   22422
   20814
   18231
   15692
   12994
   10315
    8091
    6011
    4574
    3234
    2277
    1547
    1109
     866
     591
     476
     381
     324
     262
     279
     221
     228
     216
     215
     199
     184
     182
     183
     171
     162
     176
     170
     128
     179
     153
     136
     150
     136
     108
     108
     129
      91
     100
     112
      88
     114
     119
      82
     137
      91
      93
     106
     116
     100
     104
      83
     102
     114
      88
      78
      94
      87
      81
      81
      81
      87
      74
      80
      59
      74
      67
      79
      79
      55
      68
      71
      69
      66
      75
      75
      69
      62
      69
      50
      64
      81
      57
      45
      67
      45
      65
      57
      54
      47
      72
      58
      46
      52
      46
      50
      41
      46
      62
      53
      57
      40
      41
      40
      41
      55
      44
      45
      42
      37
      44
      44
      40
      52
      42
      40
      44
      46
      39
      37
      43
      32
      40
      33
      29
      46
      33
      41
      28
      36
      33
      31
      43
      31
      37
      35
      24
      33
      33
      38
      29
      36
      26
      33
      39
      27
      25
      27
      38
      37
      27
      33
      34
      18
      36
      23
      25
      19
      27
      19
      26
      23
      17
      20
      21
      26
      26
      17
      20
      22
      20
      25
      24
      26
      12
      25
      22
      25
      19
      16
      13
      23
      19
      15
      23
      16
      21
      21
      19
      15
      22
      11
      19
      22
       9
      19
      16
      18
      21
      20
      19
      20
      19
      14
      12
      14
      21
      16
      17
      20
      19
      11
      15
      10
      15
      11
      13
      13
      16
       8
       7
      24
      18
       7
      11
      15
      13
      12
      15
      22
      19
      17
      14
      10
      11
      11
      11
      14
      15
      13
      10
      19
      13
      14
      13
       7
      24
      14
      16
      12
      17
      11
      15
      20
      17
      24
      20
      14
      16
      17
      19
      16
      16
      14
      11
      11
      15
      18
      15
      16
      15
      16
      25
      17
      15
      18
      21
      14
       9
      21
      17
      14
      22
      19
      13
      11
      18
      13
      21
      12
      16
      14
      12
      14
      26
      14
      15
      16
      16
      11
      17
      15
      16
      12
      10
      12
      17
      14
      13
      11
      15
      13
      18
      10
      18
       5
       9
      10
       9
       6
       7
       6
      10
      15
      14
      12
       6
       8
      19
       7
      11
       6
      10
      10
       4
       9
       6
       5
       5
       3
       8
       1
       6
       5
       8
      10
       3
      10
       5
       6
       6
       3
      11
       5
       6
       5
       4
       2
       5
      10
      11
       2
       2
       4
       3
       4
       5
       5
       7
       3
       8
       7
       8
       3
       7
       6
       4
       6
       8
       6
      11
       2
       9
       7
       8
       7
       4
       5
       5
       4
       4
       4
       2
       6
       4
       8
       3
       8
       3
       8
       6
       3
       5
       5
       8
       3
       3
       3
       5
       7
       4
       5
       3
       4
       9
       8
       3
       3
       4
       3
       7
       8
       3
       6
       5
       1
       5
       6
       7
       9
       9
       8
       4
       9
       5
       7
       8
       4
       4
       7
       5
       4
       4
       3
       3
       7
       8
       4
       9
       5
       2
       5
       2
       1
       9
       7
       5
       6
       1
       6
       3
       3
       4
       4
       8
       7
       3
       7
       7
      10
       4
       4
       5
       2
       3
       4
       5
       7
       7
       3
       1
       3
       3
       2
       5
       2
       5
       4
       2
       3
       2
       3
       0
       4
       6
       3
       2
       1
       1
       5
       6
       4
       3
       0
       6
       5
       3
       4
       5
       3
       4
       3
       2
       5
       3
       3
       5
       3
       1
       4
       2
       1
       5
       3
       8
       3
       2
       4
       5
       4
       2
       5
       1
       2
       3
       6
       5
       2
       4
       4
       3
       1
       8
       3
       0
       2
       0
       6
       2
       2
       5
       2
       2
       7
       1
       2
       5
       1
       4
       3
       2
       0
       7
       6
       7
       3
       2
       1
       6
       3
       7
       3
       3
       2
       1
       0
       3
       3
       1
       4
       1
       2
       2
       7
       3
       3
       2
       2
       2
       6
       1
       3
       3
       2
       2
       2
       2
       2
       2
       3
       3
       2
       1
       5
       1
       2
       3
       1
       2
       4
       5
       2
       1
       2
       3
       4
       1
       1
       2
       3
       4
       2
       0
       1
       1
       5
       0
       2
       2
       4
       2
       2
       5
       2
       3
       1
       2
       2
       2
       3
       6
       7
       2
       5
       3
       8
       5
       2
       1
       1
       1
       2
       5
       1
       2
       6
       1
       4
       4
       4
       3
       9
       0
       4
       4
       0
       7
       8
       4
       5
       4
       6
       6
       4
       5
       3
       8
       3
       5
       5
       3
       6
       5
       4
       3
       6
       2
       8
       9
       8
       2
       1
       5
       6
       7
       4
       9
       4
       9
      10
       2
       9
      11
       6
       6
       7
       3
       5
       7
       3
       6
       7
       3
       3
       9
       8
       4
       5
       3
       7
       6
       1
       5
       9
       4
       5
       7
       1
       4
       4
       6
       6
       3
       3
       0
       5
       3
       2
       4
       3
       3
       3
       0
       0
       1
       2
       2
       0
       2
       4
       2
       1
       0
       1
       1
       1
       2
       2
       0
       2
       3
       1
       1
       0
       4
       1
       1
       1
       2
       0
       0
       1
       2
       1
       1
       2
       0
       3
       0
       1
       1
       1
       0
       0
       1
       0
       2
       0
       1
       1
       2
       1
       1
       0
       2
       3
       2
       0
       2
       2
       0
       0
       1
       3
       2
       1
       2
       0
       1
       0
       1
       1
       0
       0
       2
       1
       2
       1
       2
       0
       2
       1
       1
       3
       2
       2
       3
       0
       0
       2
       0
       5
       2
       1
       0
       0
       0
       2
       0
       3
       1
       1
       1
       3
       0
       1
       1
       3
       1
       1
       1
       0
       2
       1
       0
       1
       4
       1
       1
       3
       0
       3
       2
       3
       1
       0
       2
       1
       0
       2
       3
       0
       3
       1
       2
       1
       2
       1
       0
       1
       0
       1
       2
       0
       1
       0
       1
       1
       0
       0
       0
       1
       2
       0
       0
       1
       0
       0
       0
       1
       0
       2
       1
       0
       2
       0
       1
       1
       0
       0
       0
       0
       1
       0
       0
       1
       0
       0
       0
       1
       2
       0
       0
       0
       1
       0
       1
       0
       0
       0
       0
       0
       0
       0
       0
       0
       0
       0
       0
       0
       1
       1
       0
       3
       0
       1
       0
       0
       0
       1
       0
       2
       0
       1
       0
       0
       0
       1
       0
       0
       0
       0
       0
       1
       0
       0
       0
       1
       2
       0
       0
       0
       0
       0
       0
       0
       0
       0
       0
       1
       0
       0
       0
       2
       0
       0
       0
       0
       0
       0
       0
       2
$ROI:
3
6 55
212 320
787 895
$PRESETS:
None
0
0
$ENER_FIT:
0.000000 2.204597
$MCA_CAL:
3
0.000000E+000 2.204597E+000 0.000000E+000 keV
$SHAPE_CAL:
3
1.191474E+001 0.000000E+000 0.000000E+000
