$SPEC_ID:
No sample description was entered.
$SPEC_REM:
DET# 2
DETDESC# SPACESCIENCE8 digiBASE-RH SN 15121449
AP# Maestro Version 7.01
$DATE_MEA:
09/23/2024 15:23:26
$MEAS_TIM:
208 210
$DATA:
0 1023
       0
       0
       0
       0
       0
       0
       0
       0
       0
       0
    1497
    4825
    4446
    4287
    4276
    5098
    6495
    8371
   10808
   13664
   17213
   20914
   24162
   27147
   29597
   30632
   31372
   30460
   28445
   25812
   22620
   19028
   15824
   12510
    9473
    7107
    5282
    3630
    2659
    1788
    1229
     931
     670
     502
     388
     353
     295
     262
     268
     245
     212
     227
     210
     199
     201
     218
     160
     158
     185
     146
     143
     145
     127
     128
     133
     123
     120
     120
     113
     105
     109
     111
     107
     107
     109
     103
      90
     104
      76
      97
      87
      88
      95
      79
      92
      81
      78
      99
      87
      96
      76
      73
      82
      81
      81
      77
      65
      65
      55
      69
      62
      67
      64
      81
      74
      68
      66
      68
      68
      64
      66
      62
      51
      45
      67
      67
      58
      74
      70
      64
      60
      47
      50
      61
      51
      48
      45
      47
      46
      40
      54
      51
      50
      49
      45
      44
      30
      40
      55
      42
      38
      37
      50
      42
      37
      38
      37
      47
      38
      34
      36
      36
      42
      32
      35
      33
      32
      38
      31
      36
      34
      35
      36
      28
      34
      28
      37
      34
      49
      35
      31
      39
      31
      36
      31
      34
      30
      25
      21
      33
      32
      32
      20
      28
      28
      29
      26
      24
      25
      25
      24
      31
      22
      16
      25
      24
      18
      25
      13
      18
      24
      12
      13
      15
      13
      23
      18
      19
      12
      20
      12
      23
      15
      13
      16
      18
      21
      12
      12
      14
      10
      14
      14
      12
      15
      21
      15
      13
      15
      14
      18
      13
      12
      25
      19
      14
      14
      19
      21
       9
      16
      14
      16
      14
      10
      18
      11
      17
      14
      10
      18
      13
      15
      15
      19
      11
      17
      15
      24
      15
      11
      20
      15
      14
      12
      15
      15
      11
      14
      15
      16
      14
      13
      14
      13
      18
      13
      17
      24
      16
      14
      16
      21
      17
      13
       9
      17
      13
       8
      14
      14
      13
      17
      12
       8
      11
      22
       9
      13
      18
      19
       9
       8
      18
      14
      19
      16
      13
       6
      24
      10
      11
       9
      15
      12
      10
       7
      14
      11
       8
      10
      13
      10
       9
       6
       5
      11
      13
       7
       8
       5
      12
       6
       8
       6
       6
       7
       5
      14
       7
      10
       3
      10
       9
       6
       5
       9
       6
       5
       8
       3
      10
       6
       8
       7
       8
       7
       5
       3
       8
       8
       7
       6
       5
       8
       6
       8
       5
       7
       3
       4
      10
       6
       4
       7
       5
       5
       4
       7
       4
       8
      11
       6
       8
      14
       4
       9
       8
       6
       4
       6
       7
       5
       4
       2
       5
       4
       4
      10
       6
       9
       4
       4
       3
       4
       2
       6
       8
       4
       7
      10
       5
       3
       7
       4
       9
       6
       5
       4
       7
       5
       7
       4
       5
       6
       3
       6
       2
       4
       3
       7
       7
       8
       8
       8
       6
       8
       3
       4
       8
       3
       5
       6
       4
       4
       8
       7
       2
       7
       5
       5
       2
       4
       3
       5
       7
       6
       6
       2
       5
       5
       6
       3
       2
       3
       7
       6
       7
       5
       6
       9
       2
       5
       4
       1
       5
       4
       7
       7
       5
       3
       6
       3
       6
       4
       4
       5
       6
      12
       4
       3
       4
       3
       9
       6
       0
       7
       2
       5
       6
       3
       3
       5
       2
       0
       2
       3
       7
       5
       6
       2
       4
       3
       6
       2
       5
       5
       5
       4
       4
       9
       7
       2
       3
       2
       2
       2
       4
       2
       3
       7
       4
       3
       6
       2
       5
       4
       4
       2
       3
       2
       4
       7
       0
       4
       1
       3
       4
       4
       4
       6
       2
       7
       3
       2
       4
       2
       0
       2
       2
       5
       3
       3
       5
       4
       0
       2
       7
       4
       1
       4
       4
       8
       5
       4
       4
       4
       4
       8
       3
       3
       4
       5
       3
       7
       5
       2
       1
       4
       0
       2
       1
       2
       1
       5
       2
       5
       2
       3
       0
       3
       1
       0
       2
       2
       1
       2
       3
       4
       3
       6
       3
       1
       2
       3
       4
       2
       8
       2
       1
       0
       6
       4
       1
       2
       2
       4
       2
       2
       7
       1
       3
       3
       5
       1
       6
       3
       2
       3
       2
       2
       0
       0
       0
       1
       2
       0
       3
       1
       2
       2
       1
       2
       1
       6
       2
       6
       1
       2
       1
       4
       2
       1
       1
       0
       2
       0
       4
       2
       1
       0
       2
       1
       2
       3
       1
       3
       2
       1
       4
       3
       2
       0
       5
       5
       1
       2
       5
       7
       7
       6
       6
       2
       4
       2
       4
       3
       1
       5
       3
       2
       8
       2
       5
       7
       8
       6
       8
       5
       3
       9
       6
       3
       2
       8
       3
       9
       7
       8
       4
       8
      12
       7
      10
       5
       4
       3
       4
      10
       5
       6
       1
       5
      10
       4
       6
       2
       6
       8
       8
       7
       3
       7
       8
       4
       8
       7
      12
       4
       5
       6
       4
       6
       3
       5
       3
       4
       6
       4
       6
       8
       3
       3
       1
       2
       2
       4
       2
       2
       3
       2
       5
       2
       2
       1
       1
       2
       1
       2
       2
       2
       1
       3
       0
       2
       0
       1
       0
       3
       0
       1
       0
       0
       2
       0
       0
       0
       2
       1
       0
       3
       2
       1
       1
       2
       0
       3
       1
       0
       0
       2
       2
       0
       0
       0
       0
       2
       2
       0
       0
       0
       2
       2
       1
       1
       0
       2
       0
       0
       1
       2
       1
       2
       0
       2
       2
       0
       1
       0
       1
       2
       0
       1
       0
       1
       1
       2
       1
       0
       2
       3
       2
       0
       1
       0
       1
       1
       1
       3
       3
       2
       0
       4
       2
       1
       1
       2
       0
       2
       2
       1
       3
       2
       0
       1
       1
       0
       0
       0
       0
       2
       1
       1
       0
       4
       1
       1
       0
       1
       4
       0
       0
       0
       0
       1
       1
       2
       1
       2
       2
       3
       1
       1
       0
       2
       3
       3
       1
       1
       0
       2
       1
       0
       4
       1
       0
       1
       2
       2
       0
       1
       2
       1
       2
       0
       0
       1
       1
       0
       0
       1
       0
       0
       1
       0
       0
       0
       0
       0
       1
       0
       0
       1
       2
       1
       0
       1
       0
       0
       0
       1
       0
       0
       1
       0
       1
       0
       0
       0
       0
       1
       0
       0
       1
       1
       0
       0
       1
       0
       1
       0
       1
       0
       0
       0
       0
       0
       0
       1
       1
       2
       1
       0
       0
       0
       1
       1
       0
       0
       1
       0
       0
       0
       1
       0
       1
       1
       0
       0
       0
       0
       0
       1
       1
       0
       1
       1
       0
       1
       1
       0
       0
       1
       0
       1
       0
       0
       0
       1
       2
       0
       0
       0
       0
$ROI:
3
6 55
212 320
787 895
$PRESETS:
None
0
0
$ENER_FIT:
0.000000 2.204597
$MCA_CAL:
3
0.000000E+000 2.204597E+000 0.000000E+000 keV
$SHAPE_CAL:
3
1.191474E+001 0.000000E+000 0.000000E+000
