$SPEC_ID:
No sample description was entered.
$SPEC_REM:
DET# 2
DETDESC# SPACESCIENCE8 digiBASE-RH SN 15121449
AP# Maestro Version 7.01
$DATE_MEA:
09/23/2024 15:13:05
$MEAS_TIM:
286 288
$DATA:
0 1023
       0
       0
       0
       0
       0
       0
       0
       0
       0
       0
    1994
    6797
    5831
    5274
    5138
    5761
    6911
    8735
   11066
   13873
   16965
   20183
   23533
   26720
   28754
   30322
   30726
   30481
   28607
   26181
   23074
   19565
   16295
   13212
   10035
    7805
    5617
    4143
    2978
    2095
    1425
    1073
     768
     631
     508
     431
     358
     315
     312
     302
     306
     250
     257
     267
     233
     246
     224
     240
     191
     200
     182
     174
     192
     182
     165
     162
     156
     168
     147
     134
     138
     151
     153
     140
     151
     132
     119
     130
     121
     146
     119
     126
     115
     118
     135
     136
     115
     123
     121
     110
     117
     105
     116
     100
     110
     119
      98
     113
      85
     103
      91
     104
     106
      90
     109
      88
      83
      93
      93
      84
      89
      76
      84
      92
      66
      78
      79
      88
      78
      75
      83
      65
      77
      69
      69
      74
      62
      64
      58
      59
      78
      65
      52
      56
      58
      65
      70
      59
      54
      59
      62
      64
      61
      53
      58
      54
      42
      54
      53
      58
      44
      55
      53
      42
      60
      41
      47
      47
      55
      59
      44
      48
      43
      42
      34
      35
      37
      31
      44
      37
      47
      38
      39
      39
      35
      44
      27
      44
      31
      28
      30
      40
      33
      36
      36
      41
      27
      27
      31
      20
      37
      32
      30
      31
      31
      24
      18
      24
      24
      30
      28
      33
      29
      25
      30
      22
      20
      21
      24
      30
      23
      19
      17
      18
      27
      22
      30
      26
      23
      21
      23
      22
      22
      23
      13
      22
      22
      16
      24
      25
      18
      15
      16
      30
      26
      17
      17
      17
      24
      17
      20
      27
      23
      24
      26
      15
      19
      22
      20
      25
      18
      18
      26
      18
      22
      19
      22
      20
      21
      25
      16
      19
      13
      15
      21
      20
      20
      13
      20
      25
      15
      18
      13
      22
      14
      18
      14
      22
      20
      19
      22
      19
      19
      10
      18
      19
      16
      23
      17
      17
      22
      17
      20
      16
      13
      19
      31
      16
      26
      16
      23
      29
      22
      20
      30
      15
      18
      18
      13
      21
      20
      15
      12
      10
      15
      21
      13
      18
      12
      20
      19
      15
      21
      12
      14
      20
      12
      19
       7
      11
      20
      11
      12
      15
       9
      10
      20
      13
      15
       9
      14
      12
      10
      13
       8
       9
      10
      15
      11
      15
      13
       9
       9
      10
       9
       9
      12
      13
       7
      10
      18
      12
      12
       6
       6
       2
      13
       7
       6
      11
      10
       8
      12
       7
      11
       8
       8
       7
       6
      12
       7
       5
       8
      11
       8
       9
      13
      14
      11
      11
       9
       2
      18
      11
       7
       9
      14
      12
       8
       4
       9
      14
      13
       6
      11
       8
      12
       8
      12
       6
       5
       4
       5
      10
       9
       5
      10
       7
      11
       9
      12
       6
       8
       5
       7
       4
       9
       6
       8
       6
       8
       9
       4
       3
      12
      11
      11
       8
       6
       8
      10
       8
       6
       4
       4
       7
       6
       7
       7
       7
      11
       6
       8
       2
       5
       5
       7
       6
       5
       5
       8
       5
       4
       6
       7
      11
      12
       6
       7
       8
       6
       7
       7
       6
      10
       9
       8
       6
       7
       3
       4
       5
       7
       7
       6
       7
       5
       9
       3
       7
       3
       1
      10
       9
       6
       8
       7
       4
       2
       5
       4
       4
       0
       2
       8
       5
       2
       2
       5
       4
       3
       8
       7
       1
      11
       7
       7
       3
       7
       6
       5
       3
       3
       3
       7
       2
       5
       3
       1
       5
       7
       4
       5
       8
       4
       3
       5
       8
       6
       5
       5
       3
       4
       5
       7
       4
       1
       4
       5
       5
       2
       2
       3
       9
       3
       6
       5
       4
       4
       9
       9
       4
       2
       8
       3
       5
       8
       4
       4
       8
       7
       4
       2
       5
       5
       2
       9
       8
       4
       7
       2
       6
       5
       1
       3
       5
       2
       3
       3
       4
       1
       2
       1
       6
       3
       3
       1
       6
       3
       4
       3
       7
       2
       5
       5
       3
       8
       1
       3
       4
       4
       6
       4
       4
       3
       5
       1
       7
       4
       3
       5
       1
       3
       5
       5
       2
       1
       4
       6
       2
       1
       3
       1
       4
       4
       5
       1
       5
       4
       2
       3
       2
       8
       6
       3
       2
       5
       3
       4
       6
       3
       2
       5
       6
       4
       3
       7
       5
       4
       4
       2
       7
       1
       4
       4
       0
       3
       3
       2
       6
       3
       2
       6
       1
       2
       1
       5
       0
       2
       4
       6
       3
       2
       2
       6
       4
       3
       2
       2
       2
       2
       3
       8
       9
       4
       5
       6
       3
       6
       3
       8
       4
       2
      10
       5
       9
       9
       7
      10
      10
       4
       6
       5
       9
       7
       7
       6
       3
       5
       7
       9
      11
       6
      12
       9
       5
      12
       6
       8
       9
      12
      10
       9
       7
       8
       9
      15
      13
       6
      12
       8
       5
       9
       7
       6
       6
       7
      10
      11
       3
       8
       3
       6
       3
       8
       8
       5
       8
       5
       7
       4
       5
       5
       4
      10
       8
       3
       5
       4
       3
       4
       6
       2
       4
       3
       8
       1
       4
       5
       2
       8
       2
       2
       3
       2
       3
       0
       4
       1
       2
       2
       0
       1
       3
       1
       0
       0
       3
       2
       0
       1
       0
       0
       0
       0
       0
       2
       0
       3
       1
       1
       1
       2
       0
       1
       1
       1
       0
       2
       1
       1
       1
       0
       0
       3
       2
       1
       1
       0
       5
       0
       1
       0
       1
       4
       0
       1
       0
       3
       1
       1
       0
       1
       0
       1
       0
       2
       1
       0
       3
       1
       0
       2
       1
       3
       1
       1
       1
       2
       2
       1
       1
       4
       2
       2
       0
       2
       2
       0
       3
       1
       3
       3
       0
       0
       2
       1
       3
       2
       0
       0
       1
       1
       2
       4
       1
       2
       2
       2
       1
       1
       1
       2
       3
       2
       1
       1
       0
       0
       2
       2
       2
       2
       2
       0
       2
       1
       1
       3
       4
       4
       1
       1
       2
       4
       4
       3
       1
       2
       1
       1
       3
       2
       2
       1
       0
       0
       0
       1
       0
       1
       3
       3
       1
       2
       1
       2
       1
       0
       1
       1
       1
       0
       0
       0
       0
       0
       1
       1
       0
       0
       3
       1
       1
       0
       2
       1
       2
       1
       1
       0
       1
       0
       0
       0
       0
       1
       0
       0
       1
       0
       0
       1
       0
       0
       0
       0
       0
       0
       0
       1
       0
       1
       1
       1
       0
       0
       0
       1
       0
       0
       0
       0
       0
       1
       0
       0
       0
       0
       0
       1
       0
       0
       1
       1
       1
       2
       0
       0
       1
       0
       0
       1
       1
       0
       2
       1
       0
       0
       2
       0
       1
       0
       0
$ROI:
3
6 55
212 320
787 895
$PRESETS:
None
0
0
$ENER_FIT:
0.000000 2.204597
$MCA_CAL:
3
0.000000E+000 2.204597E+000 0.000000E+000 keV
$SHAPE_CAL:
3
1.191474E+001 0.000000E+000 0.000000E+000
