$SPEC_ID:
No sample description was entered.
$SPEC_REM:
DET# 2
DETDESC# SPACESCIENCE8 digiBASE-RH SN 15121449
AP# Maestro Version 7.01
$DATE_MEA:
09/23/2024 14:13:01
$MEAS_TIM:
249 250
$DATA:
0 1023
       0
       0
       0
       0
       0
       0
       0
       0
       0
       0
    2087
    4663
    5296
    3080
    3206
    3315
    3364
    3301
    3386
    3412
    3276
    3126
    3120
    3006
    2966
    3039
    3000
    3207
    3386
    3243
    3250
    3966
    3694
    3548
    3746
    3690
    3928
    6003
    7243
    8107
    6794
    3661
    2007
    1610
    1660
    1691
    1732
    1791
    1970
    1960
    1879
    1932
    2016
    2304
    2690
    3118
    4518
    2446
     354
     141
     101
     110
     130
     114
     111
     112
      94
     100
     128
     122
     107
     113
     132
     117
     121
     121
     102
     108
     118
      96
     128
     110
     127
     128
     122
     126
     129
     133
     165
     215
     308
     287
     280
     226
     189
     177
      96
      62
      65
      61
      72
      67
      59
      65
      71
      69
      70
      61
      65
      60
      58
      58
      46
      56
      57
      71
      47
      52
      54
      49
      45
      60
      44
      62
      51
      55
      59
      44
      49
      51
      56
      39
      50
      43
      31
      44
      41
      43
      38
      45
      36
      34
      39
      41
      48
      42
      40
      37
      35
      42
      28
      39
      33
      23
      29
      26
      24
      34
      20
      39
      39
      33
      26
      24
      36
      27
      35
      24
      23
      34
      22
      20
      28
      21
      19
      38
      27
      26
      27
      28
      23
      33
      33
      20
      23
      25
      14
      22
      16
      17
      25
      29
      22
      24
      17
      13
      20
      17
      20
      14
      25
      23
      16
      14
      20
      17
      20
      19
      24
      23
      15
      15
      22
      21
      15
      11
      20
      15
      19
      15
      17
      17
      14
       9
       9
      10
      16
      14
      16
      14
      13
      13
      11
      18
      14
      18
      15
      16
       9
      11
      10
      16
      11
      14
       7
      13
      13
      16
      15
       5
      11
      13
      16
      14
      16
      18
      14
      12
      19
      15
      11
      17
      10
      18
      12
      11
      11
      13
      20
       9
      13
      13
      12
      15
      13
      11
       9
      11
      12
       9
      11
       7
      13
      13
      12
      17
       9
      17
      11
       9
      12
       7
      17
      12
      12
      13
      15
      17
      18
      10
      10
      18
      11
       7
      11
      15
      13
       4
      11
      11
      13
       9
      17
      10
       8
       8
       8
       7
      14
       9
       9
      13
      11
      11
      12
       7
      11
      13
       7
       7
       3
       8
       9
      12
       6
      11
       6
       6
       9
       7
       9
       5
      12
      10
       3
      12
       8
      10
       2
       2
       9
       9
      12
       6
       4
       4
      14
       5
       5
       7
       6
       4
       4
       9
       8
       9
      11
      10
       8
       4
       4
       4
      10
       9
       3
       7
       3
       9
       6
       9
       7
       7
       5
       8
       8
       6
       6
       1
       9
       4
       5
       4
       5
       4
       3
       9
       8
       7
       9
       4
       3
       8
      12
       6
       7
       8
       8
       9
       4
       8
       8
       7
       5
       0
       6
      10
       5
       3
       5
       9
       6
       6
       3
       5
       4
       3
       6
       4
       8
       4
       1
       7
       7
       2
       6
       4
       3
       0
       5
       1
       6
       6
       2
       4
       4
       6
       4
       6
       6
       3
       5
       4
       5
       3
       3
       7
       5
       2
       5
       2
       6
       4
       4
       9
       5
       3
       8
       8
       3
       4
       7
       5
       6
       5
       2
       3
       8
       3
       3
       5
       6
       2
       5
       6
       4
       4
       7
       6
       4
       8
      10
       7
       4
       2
       2
       2
       3
       5
       3
       9
       9
       5
       2
       3
       1
       3
       5
       2
       1
       6
       3
       5
       7
       2
       3
       3
       4
       4
       2
       5
       7
       6
       5
       1
       6
       4
       0
       6
       3
       3
       1
       3
       2
       4
       6
       2
       2
       2
       6
       3
       4
       3
       4
       4
       4
       5
       4
       3
       3
       7
       4
       1
       5
       5
       2
       2
       4
       2
       4
       5
       2
       3
       1
       8
       3
       1
       5
       4
       4
       5
       1
       4
       4
       1
       2
       4
       3
       4
       1
       4
       2
       1
       0
       4
       2
       4
       3
       2
       1
       8
       5
       2
       2
       5
       4
       6
       3
       2
       2
       5
       2
       2
       5
       3
       1
       3
       2
       1
       1
       0
       4
       5
       5
       2
       2
       3
       2
       2
       1
       3
       6
       1
       1
       3
       0
       1
       2
       6
       2
       2
       2
       3
       3
       2
       3
       0
       1
       3
       2
       2
       3
       1
       0
       5
       3
       2
       2
       3
       0
       3
       2
       2
       4
       6
       5
       0
       1
       4
       1
       2
       3
       0
       2
       3
       3
       0
       3
       1
       3
       1
       1
       1
       1
       1
       3
       3
       1
       2
       3
       2
       2
       3
       2
       5
       3
       4
       1
       2
       1
       3
       3
       1
       3
       2
       2
       1
       2
       3
       1
       5
       5
       2
       5
       0
       3
       0
       3
       6
       4
       3
       3
       2
       3
       4
       3
       3
       6
       2
       2
       3
       5
       4
       9
       6
       5
       4
       6
       4
       5
       7
       9
       8
       6
       4
       8
       5
       6
       5
       6
       9
       3
       4
       4
       8
       9
       9
       9
       3
      10
       9
       3
       5
      17
       4
       6
       7
       8
       4
       5
       6
       6
       4
       7
       4
       4
       8
       8
       9
       3
       6
      10
       4
       5
       3
       5
       5
       4
       3
       3
       5
       5
       4
       3
       1
       2
       3
       2
       0
       6
       3
       2
       6
       1
       3
       3
       3
       1
       1
       2
       4
       2
       3
       1
       3
       1
       3
       0
       1
       3
       2
       2
       4
       1
       1
       0
       3
       1
       2
       0
       1
       2
       1
       0
       1
       1
       2
       1
       0
       0
       1
       0
       1
       0
       2
       0
       0
       0
       2
       2
       1
       0
       0
       3
       0
       1
       1
       0
       1
       0
       0
       0
       1
       1
       1
       2
       1
       2
       0
       2
       1
       2
       0
       2
       1
       0
       1
       3
       3
       1
       0
       0
       1
       3
       1
       0
       3
       2
       0
       0
       1
       0
       0
       0
       0
       2
       1
       2
       2
       0
       0
       1
       1
       1
       1
       1
       1
       1
       1
       0
       0
       2
       3
       2
       1
       2
       1
       3
       0
       0
       1
       1
       0
       0
       1
       3
       0
       0
       5
       2
       0
       0
       2
       2
       1
       3
       3
       0
       0
       1
       0
       1
       2
       1
       1
       0
       1
       1
       1
       1
       2
       1
       0
       0
       1
       0
       2
       0
       1
       1
       0
       1
       4
       1
       0
       0
       0
       0
       0
       0
       1
       1
       3
       0
       0
       0
       0
       0
       1
       1
       0
       1
       1
       1
       0
       0
       1
       1
       0
       0
       2
       1
       1
       0
       0
       0
       1
       0
       1
       2
       0
       0
       0
       1
       0
       0
       0
       0
       1
       1
       1
       2
       0
       0
       0
       0
       0
       0
       1
       0
       0
       0
       0
       0
       0
       0
       0
       0
       1
       0
       0
       0
       1
       0
       1
$ROI:
3
6 55
212 320
787 895
$PRESETS:
None
0
0
$ENER_FIT:
0.000000 2.204597
$MCA_CAL:
3
0.000000E+000 2.204597E+000 0.000000E+000 keV
$SHAPE_CAL:
3
1.191474E+001 0.000000E+000 0.000000E+000
