$SPEC_ID:
No sample description was entered.
$SPEC_REM:
DET# 2
DETDESC# SPACESCIENCE8 digiBASE-RH SN 15121449
AP# Maestro Version 7.01
$DATE_MEA:
09/23/2024 15:49:16
$MEAS_TIM:
685 685
$DATA:
0 1023
       0
       0
       0
       0
       0
       0
       0
       0
       0
       0
      41
     184
     213
     221
     187
     227
     250
     269
     294
     322
     332
     334
     411
     395
     414
     450
     468
     482
     528
     523
     544
     562
     552
     561
     615
     609
     650
     609
     613
     631
     611
     609
     579
     570
     566
     531
     522
     461
     478
     493
     474
     454
     415
     424
     457
     417
     414
     378
     383
     394
     380
     345
     364
     379
     349
     340
     329
     349
     337
     338
     338
     326
     321
     310
     283
     295
     294
     321
     311
     297
     274
     279
     291
     274
     256
     243
     278
     237
     236
     241
     237
     270
     233
     235
     234
     222
     192
     195
     236
     217
     240
     205
     191
     204
     204
     214
     211
     219
     179
     210
     187
     206
     176
     179
     150
     179
     196
     176
     166
     166
     159
     170
     165
     161
     147
     166
     152
     154
     149
     136
     152
     133
     132
     121
     123
     120
     122
     152
     128
     129
     121
     117
     120
     111
     117
     103
     108
     107
      99
     123
     110
     123
      98
     101
     104
     113
      92
      98
     101
     100
      98
      99
      96
      98
     117
      97
     100
     103
     114
      95
     102
      99
      94
      71
      81
      84
      73
      75
      87
      86
      92
      74
      72
      69
      92
      80
      72
      64
      66
      84
      53
      63
      52
      67
      55
      66
      62
      51
      66
      65
      66
      54
      58
      41
      68
      55
      49
      59
      64
      53
      46
      45
      64
      44
      59
      46
      59
      46
      39
      61
      44
      55
      60
      45
      58
      43
      56
      44
      43
      30
      51
      36
      48
      57
      56
      67
      52
      41
      53
      46
      35
      58
      51
      35
      59
      45
      39
      39
      49
      42
      50
      46
      41
      32
      38
      32
      33
      43
      40
      41
      60
      44
      54
      49
      44
      32
      37
      37
      33
      28
      47
      46
      46
      40
      42
      42
      35
      40
      33
      37
      33
      41
      48
      35
      45
      40
      42
      35
      49
      44
      56
      39
      35
      46
      48
      37
      47
      38
      48
      43
      43
      48
      35
      38
      45
      43
      44
      36
      35
      42
      33
      28
      29
      35
      30
      31
      39
      29
      40
      30
      31
      33
      28
      25
      35
      20
      25
      26
      31
      26
      24
      25
      27
      22
      24
      26
      21
      13
      23
      23
      26
      23
      20
      25
      23
      17
      23
      18
      15
      19
      27
      28
      20
      17
      29
      19
      24
      29
      15
      20
      20
      25
      29
      19
      23
      16
      23
      23
      24
      21
      25
      23
      21
      18
      27
      25
      21
      18
      21
      14
      23
      19
      23
      26
      18
      17
      16
      21
      29
      18
      14
      19
      28
      17
      23
      18
      26
      16
      14
      14
      19
      16
      20
      10
      11
      20
      14
      14
      16
      12
      17
       9
      14
      23
      20
      20
      14
      17
      26
      21
      18
      22
      16
      24
      15
      20
      20
      22
      18
      19
      16
      23
      13
      17
      17
      16
      13
      17
      14
      23
      22
      22
      19
      18
      23
      22
      15
      21
      10
      17
      24
      12
      20
      26
      13
      11
      24
      14
      21
      24
      25
      22
      28
      16
      17
      16
      18
      18
      21
      21
      12
      25
      21
      18
      22
      17
      12
      18
      14
      19
      13
      20
       6
      17
      12
      18
      15
      15
      17
      15
       9
       7
      17
      14
      19
      18
      12
      18
      11
      10
      13
      10
      16
       9
       7
      12
       9
      10
       7
      14
      14
      11
      12
      13
      10
      15
      11
      11
      14
      15
      11
      12
      11
      15
      11
      10
       9
      11
      12
       6
       6
      17
       4
      11
      14
      12
      10
      10
      11
      14
      17
       9
       9
      19
      14
      10
      12
      10
       9
      15
      18
       9
      19
      16
      10
      10
      14
      11
      20
      12
      12
      15
      12
      13
       7
       9
      10
      10
      10
       8
      12
      13
       8
      10
       7
       9
      10
       8
      16
       8
      12
       6
      10
       8
      11
      18
       9
      12
       6
      10
       8
       9
      10
       8
      10
       6
       8
       6
      11
       8
       7
       6
       8
       9
       4
       6
      11
       8
      15
       7
      10
       8
       5
      10
      11
       7
       6
       2
      11
       7
       9
       7
       6
      10
       5
      11
       8
       9
       9
      12
       4
       7
      10
       6
       8
       9
       7
       9
       5
       8
       7
       2
      12
       6
       8
       8
       7
      10
       7
       7
      11
      10
      10
       5
       5
       6
       8
       4
       2
       9
       8
       8
       2
       7
       8
      10
       4
       6
      12
      12
       7
      11
       9
       7
       8
       5
      10
       8
       8
      13
      12
       4
      18
       9
      14
      13
      15
      10
      12
       6
      12
      12
      18
      13
      21
      14
       6
      11
      13
      15
      17
      19
       7
      21
      16
      17
      19
      16
      22
      14
      27
      26
      24
      21
      13
      14
      10
      20
      19
      20
      16
      20
      20
      18
      15
      23
      19
      19
      22
      20
      16
      32
      15
      23
      18
      22
      15
      23
      21
      15
      17
      25
      23
      18
      22
      22
      17
      13
      17
      19
      17
      13
      14
      21
       6
      11
      13
       8
       9
      18
       8
      11
       7
       8
       8
      13
       9
       9
       7
      11
       5
       3
       6
       0
       3
       5
       7
       7
       4
       3
       8
       3
       7
       2
       1
       5
       3
       1
       2
       5
       1
       3
       2
       3
       3
       4
       2
       2
       4
       5
       3
       6
       4
       1
       4
       2
       1
       0
       1
       1
       0
       2
       2
       6
       1
       5
       4
       1
       2
       4
       2
       1
       6
       3
       2
       3
       1
       3
       0
       2
       2
       4
       1
       3
       0
       5
       2
       1
       2
       4
       6
       1
       3
       5
       3
       5
       4
       5
       3
       3
       3
       3
       4
       1
      10
       1
       4
       3
       3
       2
       2
       2
       5
       5
       4
       6
       5
       3
       4
       2
       5
       2
       4
       4
       6
       4
       6
       4
       7
       4
       7
       4
       7
       7
       6
       4
       7
       7
       2
       6
       4
       3
       6
       4
       3
       5
       5
       5
       3
       4
       5
       5
       1
       4
       1
       2
       4
       1
       2
       4
       3
       1
       2
       2
       0
       1
       0
       2
       1
       5
       4
       2
       4
       2
       0
       5
       2
       0
       2
       1
       0
       2
       0
       5
       1
       1
       4
       3
       5
       3
       4
       2
       1
       4
       2
       3
       1
       2
       2
       0
       2
       0
       1
       1
       1
       1
       0
       1
       0
       0
       2
       2
       0
       1
       1
       3
       0
       0
       0
       0
       1
       1
       3
       1
       0
       1
       1
       3
       0
       1
       3
       0
       1
       2
       2
       0
       2
       0
       2
       2
       2
       2
       0
       1
       3
       1
       0
       2
       0
       0
       1
       2
       1
       1
       0
       2
       0
       0
       2
       2
       0
       2
       1
       3
       1
       0
       2
       3
       4
       0
       3
       1
       1
       3
$ROI:
3
6 55
212 320
787 895
$PRESETS:
None
0
0
$ENER_FIT:
0.000000 2.204597
$MCA_CAL:
3
0.000000E+000 2.204597E+000 0.000000E+000 keV
$SHAPE_CAL:
3
1.191474E+001 0.000000E+000 0.000000E+000
