$SPEC_ID:
No sample description was entered.
$SPEC_REM:
DET# 2
DETDESC# SPACESCIENCE8 digiBASE-RH SN 15121449
AP# Maestro Version 7.01
$DATE_MEA:
09/23/2024 16:31:42
$MEAS_TIM:
299 300
$DATA:
0 1023
       0
       0
       0
       0
       0
       0
       0
       0
       0
       0
    1678
    6751
    7698
    7496
    6995
    6034
    4959
    3676
    3012
    2151
    1690
    1251
    1170
    1014
    1066
    1152
    1137
    1319
    1424
    1607
    1758
    1848
    2065
    2102
    2238
    2294
    2264
    2313
    2220
    2127
    2042
    1868
    1692
    1548
    1419
    1161
    1037
     904
     811
     652
     657
     586
     492
     499
     486
     436
     459
     461
     466
     434
     440
     460
     456
     496
     439
     509
     507
     534
     463
     500
     522
     514
     513
     526
     494
     512
     511
     518
     505
     496
     508
     493
     495
     490
     484
     473
     446
     462
     484
     444
     451
     424
     397
     450
     417
     392
     428
     399
     394
     391
     416
     391
     408
     385
     376
     347
     354
     365
     322
     320
     329
     357
     359
     291
     346
     354
     336
     353
     318
     307
     332
     331
     344
     345
     368
     326
     393
     392
     447
     428
     461
     476
     474
     500
     521
     492
     470
     523
     603
     603
     575
     562
     640
     614
     609
     572
     592
     614
     646
     611
     678
     632
     665
     649
     698
     689
     717
     727
     736
     790
     814
     777
     888
     926
     930
     985
     960
    1065
    1093
    1147
    1072
    1123
    1161
    1111
    1149
    1127
    1120
    1171
    1165
    1116
    1018
    1018
     919
     896
     907
     857
     799
     735
     694
     625
     648
     560
     515
     452
     434
     403
     354
     327
     267
     251
     213
     216
     195
     137
     149
     130
     120
      98
      77
     108
      85
      77
      69
      57
      78
      50
      55
      31
      46
      41
      46
      34
      30
      32
      26
      29
      25
      27
      33
      36
      24
      17
      24
      22
      14
      30
      27
      25
      28
      27
      24
      19
      23
      15
      21
      18
      32
      20
      19
      27
      16
      21
      17
      17
      24
      30
      25
      20
      17
      14
      19
      14
      19
      19
      12
      26
      25
      27
      23
      14
      26
      13
      19
      23
      19
      16
      14
      23
      21
      22
      23
      22
      30
      21
      14
      22
      18
      20
      15
      23
      23
      19
      21
      17
      21
      29
      15
      24
      27
      16
      21
      14
      19
      13
      29
      16
      16
      18
      21
      21
      12
      13
      19
      16
      20
      19
      15
      19
      13
       8
       9
      15
      15
      19
      17
      16
      12
      15
      15
      11
      13
       9
      18
      12
      10
      11
      14
      16
      15
       9
      12
      13
      12
       5
      10
       9
      14
       8
      18
      14
       7
       7
       6
       9
       7
      17
      15
      16
       8
       9
      12
      13
       7
       6
      14
      11
       6
       8
      17
       9
      15
      12
       6
       6
      12
      13
      12
       9
      10
       7
      10
      13
      13
      10
       7
       7
      13
       7
      13
       9
       9
      11
       6
      12
      12
       6
       6
      11
       6
       8
       5
      14
       6
      13
      12
      12
      11
       9
       6
       4
      13
       9
       9
       5
       6
       6
      10
       8
       6
       6
       5
       8
      13
       8
      11
       8
       8
       9
       7
      11
      17
       5
      12
       4
       7
       7
      13
       7
      10
       4
       5
      10
       9
      10
      10
      11
       8
      10
      10
       4
       7
       7
       1
       8
      10
      11
       7
       8
       5
       5
       5
       9
      13
       9
       7
       3
       7
       7
       7
       5
       7
       6
       5
       9
      11
       4
      12
       7
      10
       6
      10
       3
       8
       9
       5
       3
      10
       7
       6
       8
      10
       5
      10
       6
       5
       7
       6
       5
       7
       2
       8
       7
       5
       8
       4
       4
       5
       6
       9
       4
       9
       9
       6
       6
       3
       4
       7
       2
       5
       5
       5
       3
       3
       7
       7
       4
       5
       6
       4
       5
       7
       7
       4
       3
       3
       4
       4
       6
       4
       8
       8
       9
       5
       4
       8
       4
       5
       3
       3
       5
       8
       4
       5
       7
       6
       2
       4
       9
       5
       7
       3
       6
       7
       3
       5
       2
       2
       4
       5
       9
       5
       3
       4
       6
       5
       2
       3
      10
       6
       6
       5
       5
       2
       6
       3
       6
       6
       2
       4
       2
       4
       6
       4
       6
       4
       9
       6
       3
       2
       1
       4
       8
       3
       7
       6
       3
       1
       4
       4
       3
       4
       8
       2
       5
       4
       5
       1
       7
       5
       8
       4
       4
       6
       3
       4
       4
       2
       1
       5
       4
       3
       2
       3
       2
       4
       1
       3
       2
       0
       3
       1
       5
       1
       2
       3
       3
       3
       2
       4
       2
       4
       5
       4
       1
       2
       8
       2
       4
       0
       5
       6
       1
       3
       2
       1
       1
       6
       4
       3
       3
       6
       3
       1
       2
       5
       7
       3
       1
       2
       1
       3
       5
       4
       5
       5
       6
       3
      10
       6
       3
       8
       5
       7
       9
      11
       3
       6
       2
       6
       3
       4
       7
       5
       8
       6
       6
       6
      10
       5
       8
       7
       9
       5
      10
       2
       9
       7
      15
       7
      11
       8
       8
       8
      11
       9
      10
       8
       5
      11
       8
      14
       7
       7
      14
      11
      14
       9
      12
      11
       7
       8
       7
      11
      10
       9
       2
       5
       6
       9
       5
       4
      10
       5
       7
      10
       6
       5
       5
       6
       8
       5
       3
       4
       2
       2
       5
       6
       4
       3
       4
       6
       3
       5
       1
       2
       2
       3
       2
       4
       4
       4
       1
       2
       2
       4
       2
       0
       4
       2
       2
       1
       1
       0
       0
       3
       1
       0
       4
       1
       1
       1
       3
       2
       2
       1
       0
       3
       2
       0
       3
       1
       0
       1
       2
       2
       1
       2
       2
       0
       0
       0
       0
       2
       2
       0
       0
       1
       2
       1
       4
       1
       0
       1
       2
       0
       1
       1
       1
       0
       3
       1
       3
       0
       1
       2
       3
       2
       0
       3
       1
       2
       6
       3
       3
       1
       1
       3
       5
       0
       3
       3
       3
       3
       1
       2
       3
       1
       0
       2
       2
       3
       1
       3
       1
       0
       2
       5
       0
       1
       2
       3
       2
       2
       1
       1
       0
       3
       2
       2
       2
       0
       0
       2
       1
       1
       1
       1
       1
       4
       2
       1
       1
       1
       2
       0
       1
       1
       2
       4
       0
       1
       1
       3
       0
       0
       1
       0
       2
       2
       0
       2
       0
       1
       1
       2
       0
       1
       1
       1
       0
       1
       1
       1
       0
       0
       1
       1
       1
       0
       0
       0
       2
       1
       1
       0
       1
       1
       2
       0
       2
       0
       1
       3
       0
       0
       0
       0
       0
       2
       0
       0
       0
       0
       0
       0
       0
       1
       0
       1
       0
       0
       0
       1
       1
       0
       0
       1
       0
       0
       0
       0
       0
       0
       1
       1
       0
       1
       1
       0
       1
       0
       0
       1
       1
       0
       0
       2
       0
       1
       1
       0
       0
       1
       0
       0
       1
       0
       1
       0
       0
       0
       1
       1
       0
       1
       1
       0
       1
       0
       0
       2
       1
       0
       0
$ROI:
3
6 55
212 320
787 895
$PRESETS:
None
0
0
$ENER_FIT:
0.000000 2.204597
$MCA_CAL:
3
0.000000E+000 2.204597E+000 0.000000E+000 keV
$SHAPE_CAL:
3
1.191474E+001 0.000000E+000 0.000000E+000
