$SPEC_ID:
No sample description was entered.
$SPEC_REM:
DET# 2
DETDESC# SPACESCIENCE8 digiBASE-RH SN 15121449
AP# Maestro Version 7.01
$DATE_MEA:
09/23/2024 16:25:55
$MEAS_TIM:
305 306
$DATA:
0 1023
       0
       0
       0
       0
       0
       0
       0
       0
       0
       0
    1527
    6019
    6722
    6751
    6182
    5338
    4408
    3489
    2753
    1996
    1583
    1346
    1106
    1026
    1031
    1048
    1164
    1211
    1365
    1396
    1456
    1667
    1674
    1765
    1880
    1981
    1975
    1923
    1907
    1794
    1717
    1570
    1509
    1371
    1168
    1061
     935
     785
     722
     615
     587
     527
     513
     481
     433
     413
     431
     451
     418
     434
     384
     432
     386
     487
     452
     460
     446
     464
     454
     475
     427
     481
     443
     445
     456
     482
     452
     405
     432
     475
     457
     436
     470
     451
     395
     444
     412
     379
     397
     388
     372
     377
     361
     428
     363
     367
     348
     350
     335
     386
     368
     344
     313
     341
     374
     327
     325
     319
     322
     274
     299
     292
     285
     272
     295
     311
     295
     297
     294
     282
     300
     306
     288
     305
     292
     315
     292
     349
     336
     328
     405
     329
     410
     414
     428
     424
     424
     471
     505
     457
     475
     456
     476
     506
     461
     485
     493
     491
     483
     512
     485
     504
     500
     511
     520
     529
     568
     590
     588
     608
     629
     632
     668
     711
     776
     788
     775
     859
     860
     842
     903
     848
     975
     926
     943
     869
     941
     906
     845
     932
     867
     887
     846
     805
     742
     708
     651
     682
     597
     602
     521
     462
     454
     416
     364
     314
     334
     278
     260
     229
     237
     174
     163
     163
     113
     118
     121
      96
      94
      68
      74
      62
      65
      57
      59
      48
      40
      36
      41
      39
      41
      30
      46
      31
      33
      24
      32
      36
      19
      20
      28
      18
      30
      25
      20
      12
      26
      26
      13
      23
      22
      18
      32
      19
      25
      17
      25
      25
      26
      28
      20
      23
      14
      18
      29
      19
      29
      20
      18
      15
      21
      18
      24
      18
      15
      30
      25
      12
      26
      23
      29
      14
      20
      15
      17
      24
      24
      13
      22
      21
      19
      16
       9
      21
      22
      18
      28
      16
      18
      23
      20
      13
      19
      15
      22
      17
      15
      18
      13
      15
      29
      20
      23
      16
      21
      21
      16
       9
      15
      22
      19
       9
      17
      16
      10
      22
      16
      16
      11
      20
      15
      15
      11
      16
      18
       8
      13
      14
      10
       8
      12
      17
      11
      11
      10
       9
      15
      10
      13
       9
      20
       6
       9
      11
       6
      10
      13
       9
       9
       6
      10
      17
       7
      17
      10
      11
       4
       9
       9
       9
      11
       8
      11
       7
       9
      12
       8
       7
      11
      10
      10
      15
      12
       2
       9
       9
      13
       6
       9
      11
      12
       9
      10
       5
      10
      15
      13
       7
      12
      11
      15
      11
      11
       9
       8
      11
       7
       9
       8
      11
       9
      10
       7
       7
       6
       4
       6
       2
      12
       5
      11
       4
       3
       8
      12
       7
      12
       4
      10
       6
       9
       8
       5
       9
       9
       5
       8
       4
       7
      13
      12
       8
      11
       9
       6
       8
      10
      11
       2
       7
       9
       5
       3
      14
       6
       9
      18
       9
       7
      12
       9
       8
       7
       7
       8
       6
       7
       9
       5
       9
      11
       9
       6
       8
       5
       7
       5
      10
       8
       5
       7
       4
       4
       4
      11
       6
       7
       5
       5
       5
       5
       6
       6
       5
       4
       0
       8
       4
       8
       8
       5
      10
       5
       6
       1
       6
       5
       4
      10
       4
       7
       4
       8
       8
       7
       7
       5
       8
       3
      11
       7
       6
       6
       5
       5
       8
       3
       4
       7
       6
       4
       4
       3
       6
       3
       5
       5
       7
       6
       4
       5
       2
       1
       3
      12
       5
       5
       2
       9
       2
       7
       6
       3
       7
       2
       7
       7
      12
       5
       5
       4
       3
       4
       5
       4
       5
       6
       5
       3
       4
       5
       7
       3
       7
       8
       3
       5
       3
      10
       9
       0
       3
       2
       4
      12
       8
       8
       2
       5
       5
       4
       0
      10
       9
       6
       4
       4
       2
       5
       2
       8
       2
       3
       5
       6
       3
       2
       5
       3
       4
       3
       6
       3
       5
       3
       4
      10
       8
       5
       4
       2
       3
       9
       4
       2
       4
       6
       5
       8
       1
       0
       5
       4
       6
       6
       8
       3
       2
       3
       2
       3
       2
       1
       3
       4
       6
       4
       2
       2
       4
       2
       4
       2
       6
       2
       3
       2
       7
       3
       6
       3
       5
       1
       2
       1
       2
       3
       6
       1
       2
       1
       3
       1
       2
       1
       4
       7
       5
       2
       2
       0
       4
       4
       4
       6
       4
       3
       2
       1
       5
       6
       1
       5
       7
       4
       4
       3
      10
       9
       3
       2
       4
       4
       6
       6
       6
       5
      11
      10
       6
       6
      10
       3
       4
      12
      13
       5
       8
       9
       6
       6
      12
       7
       8
       5
      11
       6
      10
      11
      14
      11
       9
       4
       4
      11
       6
      10
       7
       9
      13
      13
       9
      14
       8
      17
      11
       6
       5
       8
       6
       8
       6
       9
       6
       9
       9
       6
       2
       8
       5
       7
       3
       7
       5
       5
       8
      11
       5
       7
       5
       7
       3
       5
       5
       4
       9
       3
       2
       1
       2
       6
       8
       5
       3
       4
       3
       1
       3
       2
       5
       3
       3
       6
       4
       0
       2
       2
       4
       5
       0
       1
       1
       1
       2
       5
       1
       1
       1
       1
       0
       1
       0
       1
       2
       3
       6
       1
       2
       1
       1
       1
       1
       1
       1
       1
       1
       1
       3
       0
       1
       2
       1
       4
       1
       2
       1
       2
       3
       2
       4
       2
       2
       1
       0
       1
       0
       2
       1
       0
       1
       2
       1
       6
       2
       4
       2
       1
       1
       2
       1
       2
       1
       4
       1
       0
       3
       1
       1
       3
       2
       2
       3
       0
       2
       6
       2
       0
       4
       1
       4
       0
       1
       3
       2
       4
       3
       3
       4
       1
       2
       0
       4
       2
       5
       2
       4
       3
       1
       0
       1
       1
       3
       0
       2
       3
       0
       1
       0
       4
       1
       3
       3
       1
       2
       1
       2
       4
       0
       2
       0
       0
       0
       3
       2
       0
       2
       1
       1
       2
       1
       2
       1
       0
       0
       2
       0
       2
       2
       0
       0
       1
       1
       1
       1
       2
       0
       0
       1
       0
       1
       0
       2
       1
       0
       1
       0
       2
       2
       1
       0
       0
       0
       0
       5
       0
       1
       1
       1
       1
       0
       1
       0
       0
       0
       0
       1
       0
       0
       2
       0
       1
       2
       0
       1
       0
       0
       0
       0
       0
       1
       0
       0
       0
       0
       0
       1
       0
       1
       1
       0
       2
       0
       0
       0
       0
       0
       0
       0
       0
       0
       2
       0
       0
       1
       0
       0
       1
       0
       2
       0
       1
       0
       0
       1
       1
       1
       1
       0
       0
       0
       0
       0
       1
       0
$ROI:
3
6 55
212 320
787 895
$PRESETS:
None
0
0
$ENER_FIT:
0.000000 2.204597
$MCA_CAL:
3
0.000000E+000 2.204597E+000 0.000000E+000 keV
$SHAPE_CAL:
3
1.191474E+001 0.000000E+000 0.000000E+000
