$SPEC_ID:
No sample description was entered.
$SPEC_REM:
DET# 2
DETDESC# SPACESCIENCE8 digiBASE-RH SN 15121449
AP# Maestro Version 7.01
$DATE_MEA:
09/23/2024 16:19:57
$MEAS_TIM:
299 300
$DATA:
0 1023
       0
       0
       0
       0
       0
       0
       0
       0
       0
       0
    1344
    5410
    6154
    6008
    5684
    4899
    4054
    3167
    2527
    1930
    1395
    1131
     961
     910
     902
     863
     976
    1083
    1117
    1173
    1310
    1419
    1452
    1586
    1646
    1679
    1706
    1706
    1716
    1650
    1541
    1462
    1356
    1188
    1105
     944
     844
     735
     643
     570
     525
     459
     442
     425
     400
     402
     410
     392
     409
     386
     418
     361
     397
     354
     385
     427
     411
     415
     421
     401
     408
     372
     431
     441
     419
     411
     412
     449
     381
     363
     401
     411
     397
     351
     357
     402
     398
     411
     366
     372
     362
     348
     343
     374
     329
     320
     346
     327
     320
     289
     285
     291
     291
     287
     298
     284
     317
     294
     282
     286
     280
     257
     253
     256
     266
     240
     246
     250
     265
     271
     282
     243
     277
     261
     260
     266
     326
     284
     267
     304
     330
     344
     330
     377
     371
     363
     398
     375
     370
     378
     420
     405
     402
     425
     414
     418
     443
     407
     448
     435
     418
     469
     438
     448
     472
     470
     487
     442
     524
     541
     568
     617
     606
     614
     629
     666
     709
     760
     698
     775
     800
     796
     784
     864
     859
     780
     812
     801
     720
     807
     778
     726
     709
     630
     678
     622
     577
     490
     533
     472
     453
     426
     380
     377
     285
     291
     282
     233
     247
     206
     174
     167
     145
     121
      96
     119
      86
     106
      87
      81
      59
      59
      69
      44
      51
      46
      50
      43
      43
      30
      32
      33
      31
      35
      30
      29
      26
      25
      26
      31
      27
      19
      23
      16
      25
      21
      29
      16
      21
      23
      26
      16
      19
      16
      20
      21
      18
      19
      17
      26
      24
      33
      20
      27
      15
      19
      16
      20
      16
      14
      18
      21
      28
      15
      18
      19
      20
      14
      11
      22
      19
      29
      23
      16
      19
      13
      19
      21
      25
      16
      20
      20
      15
      19
      13
      14
      21
      17
      11
      23
      20
      19
      16
      14
      21
      16
      19
      26
      20
      20
      15
      17
      13
      12
      14
      12
      14
       6
      18
      21
      11
       9
      21
      21
      10
       9
      12
       9
      18
       9
      19
      17
      17
      11
      12
      14
       7
      15
      13
      11
       6
      11
      10
       7
      15
      10
      11
       7
       9
       6
      12
      14
      14
      10
      10
      12
       8
       6
      10
      17
       9
      11
       6
       6
       8
      13
      10
      10
       7
       7
       6
      13
       8
       9
      11
      11
       6
       8
       6
       7
       5
       6
      10
       8
       9
      14
       5
      10
       8
      13
       3
       5
       9
      12
       7
      12
      11
      12
       8
       5
       6
       9
      11
       7
       8
       4
       7
       4
       9
       9
       8
       7
       8
       4
       8
      11
       6
      12
      13
      10
       5
       5
      11
      13
       8
       6
       7
       9
      11
      10
       4
       7
       4
       5
       5
       9
       5
       7
       9
       3
       7
      11
      10
       5
       5
       6
       9
       2
       6
       6
       9
       8
       4
       3
       9
       5
       7
       5
       4
       2
      10
       5
       9
       6
       2
       4
       8
       7
       8
       8
      11
       6
       7
       8
       7
      12
       4
      13
       6
       9
       4
       5
       7
       5
       5
       7
       3
       9
       7
       4
       8
       5
      10
       4
       7
       2
       6
       3
       5
       7
      10
       6
       5
      11
       5
       6
       2
      15
       9
       9
       3
       5
       6
       3
       5
       4
       4
       8
       1
       5
       7
       5
       4
       1
       3
      10
       3
       3
       3
       4
       8
       4
       3
       5
       5
       7
      10
       5
       5
       5
       4
       4
       6
      10
       5
       6
       7
       7
       9
       5
       4
       4
       3
       2
       5
       5
       6
       3
       9
       3
       1
      12
       5
       2
       5
       4
       9
       9
       1
       3
       7
       5
       1
       6
       6
       2
       6
       5
       3
       1
       1
       7
      11
       2
       6
       3
       8
       6
       3
       6
       4
       5
       6
       2
       0
       1
       5
       2
       4
       6
       4
       4
       4
       7
       5
       5
       8
       4
       3
       7
       2
       0
       6
       2
       5
       2
       1
       5
       4
       3
       3
       6
       4
       6
       1
       4
       1
       2
       5
       7
       2
       7
       1
       2
       3
       5
       5
       2
       6
       3
       3
       3
       0
       2
       2
       6
       6
       2
       4
       3
       5
       5
       6
       1
       3
       1
       1
       1
       4
       2
       2
       2
       2
       6
       0
       2
       2
       2
       4
       6
       0
       1
       4
       3
       2
       8
       6
       2
       4
       4
       3
       4
       3
       5
       6
       2
       5
       6
       2
       5
       3
       4
       2
       9
       5
       5
       5
       5
       1
       5
       2
      10
       7
       2
       5
       6
       7
       2
      12
       4
       5
       6
       5
       9
      11
       7
      12
      12
      10
       8
      13
      10
      10
      12
       8
      11
       6
      11
      10
       8
       8
      10
       3
      17
      16
      10
      12
       5
       7
       9
       8
      12
       8
       8
      10
       8
       8
      14
       8
       5
      14
       4
       4
       8
       5
       9
       9
      10
      10
       8
       8
       5
       9
       9
       9
       9
       5
       8
       4
       2
       6
       1
       4
       4
       6
       5
       9
       3
       3
       4
       1
       0
       2
       3
       5
       1
       6
       4
       4
       2
       2
       4
       3
       1
       2
       2
       1
       5
       5
       2
       1
       0
       1
       2
       2
       1
       1
       0
       2
       1
       0
       3
       1
       1
       1
       0
       2
       2
       1
       3
       2
       3
       2
       1
       2
       1
       5
       4
       5
       2
       2
       3
       0
       1
       1
       0
       2
       2
       1
       2
       4
       2
       2
       2
       2
       1
       0
       0
       1
       1
       1
       0
       1
       3
       2
       4
       1
       3
       2
       1
       1
       0
       1
       0
       1
       1
       2
       1
       0
       2
       4
       0
       2
       2
       4
       1
       1
       1
       0
       2
       3
       1
       5
       1
       4
       3
       2
       2
       5
       0
       1
       2
       3
       2
       1
       4
       1
       7
       0
       2
       0
       0
       2
       2
       3
       1
       2
       0
       0
       5
       2
       3
       1
       1
       4
       1
       3
       1
       1
       1
       0
       0
       3
       0
       1
       0
       3
       2
       2
       1
       0
       1
       1
       0
       0
       1
       2
       2
       1
       1
       2
       0
       0
       0
       0
       0
       1
       1
       0
       0
       0
       1
       0
       2
       1
       1
       3
       0
       0
       0
       0
       0
       1
       1
       0
       0
       0
       0
       0
       1
       1
       0
       0
       0
       0
       0
       1
       0
       0
       0
       0
       0
       0
       1
       0
       0
       1
       0
       1
       2
       0
       0
       1
       0
       0
       0
       0
       2
       0
       0
       1
       0
       0
       0
       0
       0
       0
       1
       1
       2
       1
       0
       0
       0
       1
       0
       1
       1
       1
       0
       0
       1
       1
       0
       1
       0
       0
       1
       3
       0
       3
       1
       1
       0
$ROI:
3
6 55
212 320
787 895
$PRESETS:
None
0
0
$ENER_FIT:
0.000000 2.204597
$MCA_CAL:
3
0.000000E+000 2.204597E+000 0.000000E+000 keV
$SHAPE_CAL:
3
1.191474E+001 0.000000E+000 0.000000E+000
