$SPEC_ID:
No sample description was entered.
$SPEC_REM:
DET# 2
DETDESC# SPACESCIENCE8 digiBASE-RH SN 15121449
AP# Maestro Version 7.01
$DATE_MEA:
09/23/2024 14:28:51
$MEAS_TIM:
38 38
$DATA:
0 1023
       0
       0
       0
       0
       0
       0
       0
       0
       0
       0
      89
     405
     469
     504
     494
     461
     412
     352
     298
     257
     193
     177
     134
     132
     136
     117
     121
     117
     118
     116
     119
     121
     123
     117
     134
     122
     130
     140
     149
     150
     154
     140
     136
     125
     161
     143
     137
     142
     145
     155
     155
     154
     153
     141
     146
     121
     135
     118
     136
     162
     154
     145
     144
     144
     140
     145
     169
     134
     157
     151
     129
     142
     155
     153
     144
     127
     164
     146
     130
     139
     140
     159
     157
     164
     164
     170
     164
     158
     177
     164
     158
     167
     176
     191
     178
     174
     168
     166
     157
     193
     193
     150
     181
     181
     175
     187
     176
     179
     182
     163
     153
     163
     177
     172
     183
     181
     150
     153
     170
     154
     155
     173
     146
     162
     161
     149
     157
     175
     149
     148
     136
     143
     152
     113
     133
     142
     142
     134
     142
     117
     130
     119
     129
     122
     109
     133
     122
     122
     119
     131
     101
     123
      95
     113
     109
      99
     103
      95
     111
      91
      92
      77
     109
      91
      84
     110
      91
      93
     105
     113
      85
      84
      90
      80
      80
      95
     103
      82
      89
      93
      73
      94
      69
      79
      78
      79
      72
      72
      84
      81
      85
      75
      78
      80
      72
      72
      72
      64
      66
      71
      70
      61
      65
      63
      52
      58
      71
      67
      60
      61
      57
      78
      61
      61
      61
      60
      49
      55
      67
      57
      52
      39
      60
      53
      46
      58
      50
      50
      47
      62
      57
      47
      47
      50
      43
      45
      35
      46
      52
      42
      38
      32
      40
      24
      44
      41
      42
      34
      31
      28
      31
      30
      28
      32
      25
      31
      32
      25
      34
      30
      25
      17
      20
      25
      20
      21
      25
      21
       9
      18
      20
      16
      23
      21
      18
      23
      23
      21
      23
      23
      33
      19
      29
      29
      31
      34
      29
      24
      35
      41
      39
      50
      52
      64
      52
      60
      71
      77
      78
      86
      95
     102
     117
     107
     127
     143
     153
     179
     179
     204
     221
     247
     276
     280
     286
     336
     344
     389
     416
     444
     440
     439
     513
     515
     547
     591
     594
     558
     627
     660
     662
     720
     676
     742
     697
     717
     736
     693
     676
     658
     669
     677
     694
     709
     647
     626
     599
     598
     584
     548
     513
     502
     492
     450
     399
     429
     371
     389
     329
     328
     275
     241
     219
     219
     202
     179
     181
     150
     163
     135
     123
     109
      93
      91
      70
      63
      52
      40
      43
      35
      35
      41
      25
      24
      29
      13
       8
       4
      22
      10
       7
       8
       7
       3
       7
       7
       2
       1
       3
       2
       2
       2
       1
       1
       2
       0
       3
       0
       2
       5
       1
       2
       1
       1
       2
       1
       0
       3
       2
       0
       2
       1
       0
       1
       3
       1
       1
       0
       1
       0
       0
       0
       1
       2
       0
       2
       1
       1
       2
       1
       0
       0
       1
       0
       1
       1
       3
       2
       2
       3
       3
       0
       0
       1
       1
       0
       0
       3
       2
       1
       2
       2
       4
       1
       2
       1
       1
       0
       1
       1
       0
       2
       1
       0
       3
       1
       0
       0
       1
       0
       1
       0
       2
       4
       0
       2
       1
       1
       4
       0
       2
       0
       0
       3
       4
       2
       0
       2
       0
       1
       0
       2
       0
       1
       0
       1
       3
       2
       0
       2
       2
       1
       1
       0
       1
       0
       0
       0
       0
       1
       1
       0
       0
       0
       1
       0
       2
       0
       0
       1
       1
       1
       3
       1
       0
       0
       1
       2
       0
       0
       0
       0
       0
       1
       0
       0
       1
       0
       3
       0
       0
       0
       0
       1
       0
       0
       1
       1
       2
       0
       2
       0
       2
       0
       1
       0
       2
       2
       0
       1
       2
       2
       0
       3
       0
       0
       2
       1
       0
       1
       0
       1
       0
       1
       0
       0
       2
       1
       4
       0
       1
       0
       1
       0
       1
       0
       0
       0
       0
       1
       0
       0
       0
       0
       0
       1
       0
       1
       2
       1
       1
       1
       0
       1
       1
       2
       1
       2
       1
       0
       0
       0
       0
       1
       1
       0
       0
       0
       2
       0
       2
       2
       2
       0
       2
       1
       1
       0
       0
       2
       1
       0
       0
       2
       1
       0
       0
       0
       2
       0
       1
       2
       1
       0
       0
       1
       0
       2
       1
       1
       2
       2
       1
       0
       0
       1
       0
       1
       1
       1
       0
       0
       1
       0
       0
       0
       1
       0
       0
       0
       0
       1
       0
       1
       0
       0
       0
       0
       0
       1
       0
       0
       1
       0
       1
       0
       0
       0
       0
       1
       0
       1
       1
       2
       0
       1
       1
       0
       1
       0
       0
       2
       1
       2
       0
       1
       0
       1
       0
       1
       2
       1
       1
       2
       2
       1
       2
       2
       0
       1
       0
       3
       0
       2
       1
       3
       0
       1
       0
       0
       2
       1
       1
       1
       2
       0
       1
       2
       2
       2
       0
       2
       2
       1
       1
       0
       0
       1
       0
       2
       0
       1
       1
       1
       0
       0
       0
       2
       2
       0
       1
       1
       1
       1
       0
       1
       1
       0
       1
       0
       0
       0
       1
       1
       1
       1
       0
       1
       0
       1
       0
       0
       1
       0
       0
       0
       0
       1
       0
       0
       0
       0
       0
       0
       0
       1
       0
       2
       0
       0
       1
       0
       0
       0
       1
       0
       1
       1
       0
       0
       0
       1
       0
       0
       0
       0
       1
       0
       0
       0
       0
       0
       0
       1
       0
       0
       0
       0
       0
       0
       0
       0
       0
       0
       0
       0
       0
       0
       2
       0
       2
       0
       0
       0
       0
       0
       0
       0
       1
       1
       0
       0
       0
       0
       1
       1
       0
       0
       0
       0
       0
       0
       0
       0
       1
       0
       0
       1
       0
       0
       0
       1
       0
       0
       0
       0
       0
       0
       1
       0
       0
       0
       0
       1
       0
       1
       0
       0
       0
       0
       0
       1
       0
       1
       0
       0
       0
       0
       0
       0
       0
       1
       1
       0
       0
       1
       0
       0
       1
       0
       0
       0
       0
       0
       0
       0
       0
       0
       0
       0
       0
       1
       0
       0
       0
       0
       0
       0
       0
       0
       1
       0
       0
       0
       0
       0
       0
       0
       0
       0
       0
       1
       0
       0
       0
       0
       0
       0
       0
       0
       0
       0
       0
       0
       0
       0
       0
       0
       0
       0
       0
       0
       0
       0
       0
       0
       0
       0
       0
       0
       0
       0
       0
       0
       0
       0
       0
       0
       0
       0
       0
       0
       0
       0
       0
       0
       0
       0
       0
       0
       0
       0
       0
       0
       0
       0
       0
       0
       0
       0
       0
       0
       0
       0
       0
       0
       0
       0
       0
       0
       0
       0
       0
       0
$ROI:
3
6 55
212 320
787 895
$PRESETS:
None
0
0
$ENER_FIT:
0.000000 2.204597
$MCA_CAL:
3
0.000000E+000 2.204597E+000 0.000000E+000 keV
$SHAPE_CAL:
3
1.191474E+001 0.000000E+000 0.000000E+000
