$SPEC_ID:
No sample description was entered.
$SPEC_REM:
DET# 2
DETDESC# SPACESCIENCE8 digiBASE-RH SN 15121449
AP# Maestro Version 7.01
$DATE_MEA:
09/23/2024 14:32:16
$MEAS_TIM:
50 50
$DATA:
0 1023
       0
       0
       0
       0
       0
       0
       0
       0
       0
       0
     123
     569
     669
     728
     639
     674
     595
     484
     414
     320
     283
     219
     216
     211
     157
     160
     163
     155
     169
     163
     187
     176
     194
     166
     187
     175
     145
     158
     173
     199
     193
     206
     174
     181
     202
     178
     195
     187
     188
     193
     179
     197
     170
     196
     196
     184
     188
     181
     194
     207
     196
     187
     211
     197
     200
     211
     191
     191
     202
     177
     214
     189
     185
     207
     207
     184
     208
     194
     206
     205
     196
     221
     217
     222
     226
     222
     230
     232
     229
     242
     216
     247
     252
     229
     276
     234
     253
     233
     271
     256
     226
     278
     261
     250
     243
     250
     221
     243
     255
     220
     222
     224
     235
     224
     208
     221
     224
     222
     224
     200
     200
     220
     219
     220
     208
     203
     192
     178
     188
     184
     190
     206
     177
     190
     172
     175
     172
     189
     168
     176
     170
     167
     176
     160
     165
     143
     138
     143
     164
     153
     170
     166
     171
     150
     139
     132
     149
     157
     145
     114
     136
     142
     142
     170
     129
     145
     131
     122
     132
     129
     131
     113
     120
     114
     111
      99
     126
     127
     116
     106
      92
     128
     112
     106
      99
     110
      93
     101
     115
      92
      81
      99
     110
     117
     113
      80
      85
     109
     104
      99
      78
      84
     109
      97
      72
      83
      76
      96
      86
      72
      69
      82
      95
      82
      68
      93
      85
      87
      81
      88
      77
      73
      72
      64
      56
      67
      75
      70
      83
      57
      67
      59
      68
      61
      70
      65
      53
      54
      48
      62
      49
      54
      48
      64
      35
      47
      44
      41
      39
      40
      40
      45
      36
      39
      41
      41
      32
      38
      21
      32
      26
      30
      24
      32
      29
      25
      33
      34
      33
      26
      31
      33
      35
      30
      25
      27
      31
      29
      32
      41
      37
      35
      44
      41
      40
      42
      58
      54
      49
      71
      81
      64
      64
      78
      76
      83
     116
      95
     134
     132
     168
     186
     158
     206
     199
     235
     266
     321
     299
     299
     367
     403
     418
     475
     430
     561
     564
     598
     603
     701
     731
     660
     768
     798
     846
     866
     935
     919
     924
    1026
     949
    1004
    1026
    1071
    1062
    1092
    1012
    1029
    1052
     998
     977
     971
     972
     924
     924
     965
     838
     853
     828
     749
     694
     700
     654
     647
     575
     552
     500
     469
     468
     384
     401
     370
     359
     277
     262
     287
     225
     208
     196
     161
     150
     148
     115
     100
      90
      77
      81
      69
      53
      54
      57
      42
      38
      38
      25
      19
      21
      16
      16
       8
      13
       9
      11
       8
      10
       9
       9
       2
       1
       2
       2
       1
       4
       2
       1
       3
       2
       1
       3
       5
       2
       1
       0
       1
       1
       1
       4
       1
       1
       1
       2
       2
       2
       0
       2
       2
       1
       1
       1
       3
       5
       3
       4
       2
       2
       1
       0
       1
       1
       3
       1
       3
       1
       3
       2
       1
       2
       2
       1
       0
       1
       1
       0
       2
       0
       1
       3
       2
       1
       1
       1
       0
       1
       2
       2
       0
       0
       1
       2
       2
       2
       2
       0
       1
       0
       2
       5
       2
       3
       0
       1
       0
       0
       3
       1
       1
       3
       0
       3
       1
       1
       0
       1
       0
       6
       2
       0
       1
       1
       4
       3
       1
       2
       1
       1
       1
       2
       2
       1
       1
       0
       1
       0
       1
       2
       3
       0
       3
       1
       0
       0
       2
       1
       1
       0
       2
       1
       2
       1
       4
       1
       0
       3
       1
       1
       2
       4
       1
       0
       0
       2
       2
       1
       1
       2
       0
       2
       0
       0
       2
       2
       0
       0
       0
       1
       2
       4
       0
       0
       2
       0
       0
       2
       0
       3
       2
       1
       0
       1
       0
       3
       2
       2
       0
       1
       1
       2
       1
       3
       1
       1
       1
       1
       1
       0
       0
       0
       0
       0
       1
       0
       0
       2
       1
       0
       0
       0
       0
       5
       2
       1
       1
       1
       0
       0
       0
       0
       0
       0
       3
       1
       1
       2
       2
       0
       0
       2
       0
       3
       2
       1
       0
       3
       1
       0
       1
       0
       1
       0
       1
       2
       3
       1
       0
       0
       2
       0
       0
       1
       1
       1
       3
       2
       3
       0
       2
       3
       1
       0
       0
       0
       1
       2
       0
       0
       2
       1
       2
       1
       0
       0
       1
       0
       0
       2
       2
       3
       1
       0
       1
       1
       2
       0
       1
       1
       2
       0
       0
       1
       0
       0
       1
       0
       1
       2
       1
       0
       0
       0
       1
       1
       1
       0
       0
       0
       0
       0
       1
       0
       1
       0
       2
       0
       1
       0
       0
       2
       0
       2
       4
       4
       2
       1
       1
       3
       2
       1
       1
       0
       5
       2
       0
       1
       0
       1
       0
       0
       0
       0
       0
       1
       5
       0
       1
       1
       0
       1
       2
       1
       2
       4
       1
       1
       1
       1
       2
       3
       3
       2
       0
       1
       1
       0
       4
       0
       1
       2
       3
       4
       1
       0
       2
       2
       1
       1
       0
       1
       3
       1
       0
       0
       1
       0
       0
       0
       0
       0
       2
       1
       1
       1
       1
       0
       0
       1
       1
       0
       0
       0
       0
       1
       1
       0
       2
       0
       0
       1
       0
       1
       0
       0
       0
       0
       0
       0
       0
       0
       0
       0
       1
       0
       0
       0
       0
       0
       1
       0
       0
       1
       1
       0
       1
       1
       0
       0
       0
       0
       0
       0
       0
       0
       0
       0
       1
       0
       0
       0
       1
       0
       0
       1
       0
       0
       0
       0
       0
       0
       0
       0
       1
       1
       0
       0
       1
       0
       0
       1
       0
       0
       0
       0
       0
       0
       0
       0
       0
       0
       0
       0
       0
       0
       0
       0
       0
       0
       0
       1
       0
       0
       0
       0
       0
       1
       0
       0
       0
       1
       0
       0
       0
       0
       0
       0
       0
       0
       0
       0
       0
       0
       1
       1
       0
       0
       0
       1
       0
       0
       0
       2
       1
       0
       0
       1
       0
       0
       0
       0
       0
       0
       1
       0
       0
       1
       1
       1
       0
       0
       0
       0
       0
       0
       0
       0
       0
       0
       0
       0
       1
       0
       0
       0
       0
       0
       0
       0
       0
       0
       0
       0
       0
       0
       0
       0
       0
       0
       0
       0
       0
       0
       1
       0
       0
       0
       1
       0
       0
       1
       0
       0
       0
       0
       0
       1
       0
       1
       0
       0
       1
       0
       0
       0
       0
       0
       0
       0
       0
       0
       0
       0
       0
       0
       0
       0
       0
       0
       0
       0
       0
       0
       0
       0
       0
       0
       0
       0
       0
       0
       0
       0
       0
       0
       0
       0
       0
       0
       1
       0
       0
       0
       0
       0
       0
       1
       0
$ROI:
3
6 55
212 320
787 895
$PRESETS:
None
0
0
$ENER_FIT:
0.000000 2.204597
$MCA_CAL:
3
0.000000E+000 2.204597E+000 0.000000E+000 keV
$SHAPE_CAL:
3
1.191474E+001 0.000000E+000 0.000000E+000
