$SPEC_ID:
No sample description was entered.
$SPEC_REM:
DET# 2
DETDESC# SPACESCIENCE8 digiBASE-RH SN 15121449
AP# Maestro Version 7.01
$DATE_MEA:
09/23/2024 14:39:06
$MEAS_TIM:
60 61
$DATA:
0 1023
       0
       0
       0
       0
       0
       0
       0
       0
       0
       0
     150
     559
     742
     735
     729
     649
     565
     478
     438
     353
     269
     251
     213
     191
     160
     163
     169
     155
     154
     170
     169
     184
     183
     175
     191
     220
     220
     195
     198
     174
     199
     212
     229
     200
     204
     197
     222
     193
     180
     202
     217
     189
     201
     197
     180
     197
     225
     199
     209
     212
     191
     177
     230
     178
     202
     219
     213
     206
     239
     181
     239
     195
     203
     195
     192
     232
     207
     201
     208
     218
     208
     214
     222
     201
     250
     213
     244
     253
     232
     257
     231
     261
     247
     266
     237
     242
     248
     269
     257
     246
     266
     256
     243
     263
     254
     250
     212
     229
     216
     269
     238
     263
     249
     241
     234
     210
     212
     210
     192
     202
     223
     205
     211
     223
     221
     205
     198
     200
     195
     187
     213
     201
     174
     199
     165
     161
     160
     165
     161
     168
     192
     171
     179
     174
     197
     165
     157
     154
     136
     153
     156
     156
     146
     143
     140
     144
     123
     133
     124
     122
     157
     147
     127
     114
     125
     124
     144
     116
     130
     119
     126
     113
     117
     109
     108
     106
     133
     122
     128
     137
     108
      93
     111
     116
     119
     109
     132
      97
     111
     112
     129
      96
     101
     117
      85
      95
     110
     109
     107
     120
      94
      97
      85
     112
     100
      93
      91
      86
      93
      96
      91
      90
      85
      90
      78
      93
      87
      77
      65
      77
     101
      75
      75
      75
      71
      77
      81
      85
      66
      57
      80
      69
      71
      63
      58
      51
      66
      71
      56
      50
      66
      60
      61
      64
      59
      59
      46
      53
      51
      55
      58
      48
      47
      38
      39
      40
      36
      28
      45
      35
      26
      34
      30
      31
      33
      35
      40
      25
      25
      24
      30
      37
      27
      31
      34
      34
      32
      37
      33
      27
      40
      38
      42
      30
      34
      34
      46
      48
      44
      39
      63
      68
      57
      83
      82
      76
      94
     119
     113
     141
     144
     152
     153
     177
     209
     223
     248
     266
     319
     290
     353
     366
     408
     446
     478
     487
     515
     571
     619
     647
     655
     701
     778
     770
     850
     849
     894
     892
     967
     955
     932
     991
    1001
    1063
    1004
    1005
    1004
    1036
     988
     987
    1022
     979
     900
     915
     903
     825
     860
     789
     768
     739
     689
     666
     637
     628
     565
     544
     469
     469
     447
     394
     367
     328
     293
     277
     236
     284
     216
     186
     185
     147
     146
     145
     109
      97
      95
      96
      71
      54
      52
      43
      37
      39
      27
      32
      23
      22
      20
      16
      11
      16
       5
      13
       7
      12
       5
       9
       3
       2
       6
       6
       4
       3
       5
       2
       1
       5
       1
       7
       1
       2
       1
       3
       2
       3
       1
       5
       2
       2
       3
       0
       6
       1
       3
       2
       3
       2
       4
       5
       2
       0
       0
       2
       1
       2
       1
       2
       1
       1
       1
       3
       1
       3
       1
       3
       0
       0
       1
       5
       2
       0
       0
       0
       0
       1
       4
       3
       2
       2
       2
       2
       0
       4
       2
       1
       2
       4
       2
       2
       2
       2
       2
       1
       1
       2
       2
       1
       3
       2
       2
       0
       3
       2
       1
       1
       3
       1
       1
       1
       5
       1
       1
       2
       2
       1
       0
       4
       1
       2
       0
       3
       1
       1
       2
       2
       1
       0
       1
       1
       2
       1
       0
       1
       0
       6
       1
       0
       1
       1
       0
       1
       4
       2
       1
       0
       1
       2
       2
       1
       3
       2
       2
       3
       1
       0
       0
       1
       0
       0
       1
       1
       1
       3
       4
       0
       1
       3
       0
       0
       0
       0
       2
       1
       1
       0
       2
       0
       3
       1
       1
       1
       3
       2
       1
       1
       2
       1
       1
       0
       0
       3
       1
       0
       0
       3
       1
       0
       2
       0
       3
       1
       3
       1
       1
       0
       2
       0
       3
       2
       0
       0
       1
       0
       1
       4
       2
       3
       0
       1
       1
       1
       1
       2
       1
       2
       0
       0
       0
       1
       1
       2
       0
       1
       0
       0
       1
       0
       0
       1
       1
       1
       1
       3
       2
       1
       1
       0
       1
       0
       1
       1
       0
       3
       1
       1
       0
       1
       0
       2
       2
       1
       2
       0
       2
       1
       0
       1
       2
       0
       1
       1
       1
       2
       0
       4
       1
       0
       0
       0
       0
       0
       0
       4
       1
       1
       2
       2
       1
       0
       1
       2
       2
       2
       0
       2
       0
       1
       0
       0
       1
       2
       0
       0
       0
       1
       1
       2
       1
       2
       2
       1
       0
       0
       2
       3
       0
       2
       1
       1
       0
       2
       3
       0
       0
       0
       1
       1
       1
       1
       2
       2
       3
       0
       2
       1
       3
       0
       2
       0
       1
       1
       1
       1
       1
       1
       4
       2
       2
       4
       3
       3
       0
       0
       2
       1
       2
       0
       6
       4
       2
       1
       3
       4
       1
       1
       0
       4
       1
       2
       0
       1
       0
       3
       2
       1
       2
       1
       0
       3
       1
       0
       0
       2
       3
       1
       3
       2
       1
       2
       2
       1
       1
       0
       0
       1
       2
       0
       1
       1
       1
       0
       2
       1
       1
       0
       0
       0
       0
       1
       0
       1
       0
       1
       0
       1
       0
       1
       0
       1
       0
       0
       0
       0
       0
       1
       0
       0
       0
       0
       0
       0
       0
       1
       0
       0
       0
       0
       0
       0
       0
       0
       0
       1
       2
       1
       0
       0
       0
       0
       1
       0
       0
       0
       0
       0
       0
       1
       0
       0
       0
       0
       0
       0
       0
       0
       0
       0
       0
       0
       0
       0
       0
       0
       0
       0
       0
       0
       0
       0
       0
       0
       0
       0
       0
       0
       0
       0
       0
       0
       0
       0
       0
       1
       0
       1
       0
       0
       0
       0
       0
       1
       0
       1
       1
       0
       1
       0
       0
       0
       0
       0
       0
       0
       0
       0
       0
       0
       1
       1
       0
       0
       0
       0
       1
       0
       0
       0
       0
       0
       0
       0
       0
       3
       0
       0
       2
       1
       0
       0
       0
       1
       3
       0
       0
       1
       0
       0
       0
       0
       0
       0
       2
       0
       0
       0
       0
       1
       0
       0
       0
       1
       0
       2
       0
       0
       0
       1
       1
       0
       0
       0
       0
       0
       0
       0
       0
       0
       0
       0
       0
       0
       0
       0
       0
       0
       0
       1
       0
       0
       1
       0
       0
       0
       0
       0
       0
       0
       0
       0
       0
       0
       2
       1
       0
       0
       0
       0
       0
       0
       0
       0
       1
       0
       0
       0
       0
       0
       1
       0
       0
       0
       0
       0
       0
       0
       0
       0
       1
       0
       0
       0
       0
       1
       0
       0
       2
       0
       0
       0
       0
       0
       0
       0
       0
       0
$ROI:
3
6 55
212 320
787 895
$PRESETS:
None
0
0
$ENER_FIT:
0.000000 2.204597
$MCA_CAL:
3
0.000000E+000 2.204597E+000 0.000000E+000 keV
$SHAPE_CAL:
3
1.191474E+001 0.000000E+000 0.000000E+000
