$SPEC_ID:
No sample description was entered.
$SPEC_REM:
DET# 2
DETDESC# SPACESCIENCE8 digiBASE-RH SN 15121449
AP# Maestro Version 7.01
$DATE_MEA:
09/23/2024 14:42:31
$MEAS_TIM:
60 61
$DATA:
0 1023
       0
       0
       0
       0
       0
       0
       0
       0
       0
       0
     190
     814
     891
     914
     861
     787
     684
     571
     485
     377
     373
     312
     252
     214
     209
     179
     200
     209
     180
     208
     200
     190
     215
     256
     209
     217
     218
     211
     196
     254
     242
     226
     216
     221
     255
     235
     223
     244
     234
     217
     230
     237
     234
     203
     216
     234
     262
     242
     257
     251
     239
     249
     267
     230
     227
     219
     276
     253
     239
     254
     243
     262
     279
     245
     253
     255
     258
     265
     250
     242
     270
     257
     261
     246
     292
     276
     292
     289
     284
     271
     361
     298
     339
     323
     331
     324
     316
     317
     326
     319
     317
     332
     321
     295
     315
     295
     311
     315
     296
     280
     277
     296
     310
     267
     306
     283
     279
     328
     288
     264
     264
     305
     266
     291
     265
     276
     271
     265
     269
     274
     235
     235
     232
     252
     238
     217
     224
     244
     203
     222
     244
     247
     238
     240
     205
     216
     199
     206
     229
     208
     195
     188
     178
     184
     164
     185
     184
     182
     212
     166
     203
     170
     180
     182
     162
     188
     170
     151
     189
     175
     185
     144
     136
     179
     152
     170
     153
     153
     128
     139
     157
     139
     167
     123
     141
     146
     138
     145
     132
     130
     153
     134
     133
     137
     133
     130
     133
     112
     116
     116
      93
      90
     111
     131
     119
      94
     107
     127
      93
     111
     100
     111
     115
     117
     105
     117
      95
     105
      78
     103
     104
      92
      95
      85
      86
      75
      89
      80
      75
      85
      69
     112
      77
      81
      86
      62
      79
      59
      67
      70
      66
      54
      55
      84
      66
      63
      78
      53
      58
      58
      52
      58
      40
      47
      59
      42
      48
      35
      60
      49
      34
      34
      44
      39
      33
      38
      35
      39
      34
      42
      41
      43
      37
      30
      43
      43
      35
      49
      43
      44
      49
      70
      54
      55
      69
      73
      89
      88
      79
      81
     104
     111
     125
     119
     122
     138
     160
     177
     219
     216
     236
     264
     301
     311
     354
     396
     394
     456
     483
     496
     553
     512
     637
     696
     764
     781
     772
     876
     897
    1025
    1027
    1124
    1088
    1127
    1288
    1217
    1285
    1409
    1315
    1394
    1333
    1423
    1383
    1439
    1411
    1356
    1437
    1332
    1353
    1359
    1379
    1339
    1286
    1225
    1154
    1122
    1176
    1059
    1022
     920
     899
     901
     776
     769
     715
     617
     638
     519
     552
     509
     457
     399
     375
     303
     306
     265
     256
     243
     218
     156
     177
     155
     141
      90
      99
      67
     106
      63
      49
      53
      42
      48
      40
      34
      24
      30
      18
      16
      17
      18
      15
       7
       9
      15
       4
       2
       6
       8
       6
       7
       5
       1
       6
       0
       6
       2
       8
       1
       3
       1
       4
       3
       3
       4
       3
       2
       3
       4
       3
       3
       4
       4
       2
       1
       3
       2
       3
       1
       3
       4
       2
       4
       1
       1
       3
       2
       1
       2
       0
       3
       1
       0
       2
       0
       4
       3
       1
       2
       1
       1
       1
       2
       2
       3
       1
       2
       1
       1
       3
       3
       0
       2
       1
       1
       0
       3
       3
       1
       1
       3
       3
       3
       1
       2
       1
       0
       2
       1
       3
       1
       2
       1
       3
       3
       5
       2
       2
       1
       1
       2
       0
       2
       1
       1
       1
       1
       0
       3
       4
       3
       5
       2
       0
       1
       2
       1
       3
       1
       2
       6
       1
       0
       1
       1
       2
       3
       2
       1
       0
       0
       2
       3
       1
       3
       2
       1
       3
       0
       2
       3
       3
       0
       0
       0
       1
       1
       2
       4
       5
       1
       1
       4
       1
       3
       1
       0
       0
       2
       0
       2
       2
       0
       1
       1
       2
       1
       0
       0
       0
       3
       4
       3
       4
       2
       0
       1
       3
       2
       1
       0
       2
       1
       1
       2
       3
       1
       1
       0
       0
       0
       0
       3
       1
       4
       2
       0
       1
       0
       0
       0
       0
       1
       1
       2
       0
       0
       1
       2
       0
       0
       1
       2
       1
       1
       3
       0
       0
       1
       2
       0
       1
       1
       1
       2
       4
       0
       1
       2
       1
       0
       2
       1
       2
       2
       0
       2
       2
       2
       0
       0
       0
       1
       1
       3
       1
       2
       2
       2
       1
       0
       2
       1
       1
       2
       1
       0
       4
       0
       1
       0
       0
       3
       1
       0
       1
       1
       0
       0
       2
       3
       2
       3
       3
       0
       0
       1
       1
       2
       0
       2
       3
       1
       0
       2
       0
       1
       1
       2
       2
       0
       0
       3
       1
       0
       0
       1
       0
       2
       2
       0
       0
       0
       1
       0
       0
       1
       1
       2
       0
       0
       1
       3
       0
       1
       0
       0
       0
       1
       0
       1
       0
       0
       2
       2
       2
       2
       5
       0
       0
       3
       3
       0
       0
       3
       1
       0
       1
       0
       0
       4
       0
       1
       3
       1
       1
       1
       1
       1
       1
       4
       1
       4
       2
       4
       2
       1
       1
       0
       1
       4
       3
       5
       1
       0
       1
       1
       3
       2
       0
       1
       1
       2
       4
       0
       5
       0
       1
       2
       1
       1
       1
       2
       0
       0
       0
       1
       1
       1
       3
       1
       0
       1
       2
       1
       0
       1
       2
       1
       1
       0
       0
       0
       2
       0
       0
       2
       0
       0
       0
       0
       0
       0
       0
       0
       0
       1
       0
       0
       0
       0
       0
       0
       0
       0
       0
       1
       0
       0
       0
       0
       0
       0
       0
       1
       0
       0
       0
       1
       0
       0
       1
       0
       2
       2
       0
       0
       0
       0
       0
       0
       0
       0
       0
       0
       0
       0
       0
       0
       1
       1
       0
       0
       0
       0
       1
       0
       0
       0
       1
       0
       1
       1
       0
       0
       0
       0
       0
       0
       0
       0
       0
       0
       0
       0
       0
       0
       0
       1
       2
       0
       1
       0
       1
       0
       0
       0
       0
       0
       0
       0
       0
       0
       0
       0
       0
       0
       1
       0
       1
       0
       1
       0
       0
       0
       0
       0
       1
       0
       0
       0
       0
       0
       1
       0
       0
       0
       0
       0
       1
       0
       1
       0
       1
       0
       1
       0
       1
       0
       0
       0
       0
       0
       0
       1
       0
       1
       0
       0
       0
       0
       1
       0
       0
       1
       0
       0
       0
       0
       0
       1
       0
       0
       0
       0
       0
       0
       0
       0
       0
       1
       0
       0
       0
       0
       0
       0
       0
       0
       0
       0
       0
       0
       0
       1
       0
       0
       0
       0
       0
       0
       0
       0
       0
       0
       0
       0
       0
       0
       0
       0
       0
       0
       0
       0
       0
       0
       0
       1
       0
       0
       0
       0
       0
       0
       0
       1
       0
       0
       0
       0
       0
       0
       0
       0
       0
       0
       0
       1
       1
       0
       0
       0
       0
       0
$ROI:
3
6 55
212 320
787 895
$PRESETS:
None
0
0
$ENER_FIT:
0.000000 2.204597
$MCA_CAL:
3
0.000000E+000 2.204597E+000 0.000000E+000 keV
$SHAPE_CAL:
3
1.191474E+001 0.000000E+000 0.000000E+000
