$SPEC_ID:
No sample description was entered.
$SPEC_REM:
DET# 2
DETDESC# SPACESCIENCE8 digiBASE-RH SN 15121449
AP# Maestro Version 7.01
$DATE_MEA:
09/23/2024 14:36:54
$MEAS_TIM:
76 77
$DATA:
0 1023
       0
       0
       0
       0
       0
       0
       0
       0
       0
       0
     157
     695
     821
     875
     893
     849
     708
     586
     512
     454
     363
     315
     260
     195
     204
     202
     200
     185
     203
     192
     211
     237
     214
     229
     246
     263
     231
     225
     244
     252
     244
     236
     266
     257
     271
     264
     232
     235
     265
     249
     240
     262
     233
     262
     223
     265
     241
     248
     238
     272
     242
     229
     216
     219
     255
     265
     248
     236
     263
     241
     241
     227
     235
     238
     240
     272
     262
     261
     247
     262
     254
     242
     265
     287
     278
     248
     269
     276
     302
     297
     296
     310
     308
     341
     310
     263
     298
     313
     309
     270
     290
     294
     293
     314
     270
     278
     286
     258
     288
     283
     308
     279
     264
     271
     252
     232
     276
     245
     245
     248
     246
     226
     270
     247
     232
     249
     248
     235
     252
     210
     227
     196
     250
     199
     201
     184
     211
     227
     186
     201
     165
     194
     207
     193
     215
     194
     203
     196
     193
     200
     208
     185
     165
     172
     181
     187
     169
     175
     141
     169
     155
     152
     128
     173
     170
     154
     160
     159
     139
     138
     142
     138
     143
     132
     145
     135
     141
     146
     126
     142
     152
     141
     133
     137
     147
     123
     112
     109
     119
     116
     101
     120
     124
     118
     122
      95
     103
     112
     108
     125
     108
     117
     111
     112
      97
      99
     106
      96
      86
     110
     103
     113
     100
      85
     111
      89
      86
      92
      92
      89
      82
     106
      95
      89
      92
      91
      99
      91
      80
     106
      88
      79
      89
      79
      72
      82
      75
      97
      85
      76
      59
      62
      60
      70
      86
      66
      58
      60
      51
      60
      49
      71
      46
      50
      47
      29
      45
      27
      53
      44
      38
      39
      31
      32
      40
      40
      33
      29
      43
      31
      37
      24
      26
      37
      34
      26
      37
      34
      40
      39
      43
      39
      42
      47
      40
      41
      43
      60
      45
      67
      53
      61
      71
      85
      87
      99
     102
     100
     131
     140
     141
     158
     163
     227
     222
     236
     287
     318
     288
     348
     391
     443
     463
     462
     528
     551
     605
     625
     707
     750
     767
     831
     887
     929
     972
     960
     942
    1039
    1105
    1080
    1163
    1229
    1172
    1210
    1209
    1246
    1205
    1169
    1242
    1154
    1158
    1103
    1143
    1175
    1168
    1065
    1077
     990
     926
     897
     896
     813
     792
     800
     703
     636
     634
     564
     522
     520
     474
     396
     381
     340
     319
     286
     255
     238
     221
     196
     167
     166
     120
     141
      98
      95
      86
      80
      76
      57
      44
      51
      36
      39
      30
      24
      20
      24
      20
      16
      12
      11
      11
       6
       6
      11
       6
       9
       3
       2
       8
       3
       2
       8
       2
       4
       3
       2
       2
       6
       5
       5
       5
       0
       3
       1
       5
       2
       1
       0
       3
       1
       2
       2
       1
       3
       3
       3
       2
       3
       2
       1
       0
       0
       3
       5
       1
       2
       9
       1
       5
       2
       3
       0
       2
       2
       2
       4
       2
       6
       6
       2
       3
       3
       1
       3
       6
       3
       1
       2
       7
       1
       2
       2
       2
       4
       2
       2
       2
       2
       0
       1
       6
       1
       2
       1
       3
       3
       5
       2
       1
       2
       3
       4
       3
       1
       2
       1
       2
       2
       0
       0
       2
       1
       1
       1
       4
       1
       5
       3
       2
       3
       2
       0
       3
       1
       0
       3
       1
       1
       3
       2
       1
       0
       1
       2
       1
       0
       2
       2
       0
       0
       1
       1
       1
       2
       2
       0
       2
       1
       2
       1
       1
       0
       2
       1
       2
       0
       0
       1
       4
       1
       1
       1
       1
       2
       2
       4
       1
       1
       2
       4
       0
       0
       2
       1
       2
       0
       1
       0
       0
       1
       3
       5
       1
       1
       3
       1
       3
       1
       1
       0
       1
       1
       0
       4
       0
       2
       0
       1
       2
       2
       0
       2
       3
       0
       0
       2
       2
       1
       1
       1
       2
       0
       4
       1
       2
       2
       0
       1
       1
       3
       2
       3
       1
       2
       1
       1
       1
       3
       0
       1
       3
       2
       0
       0
       0
       1
       1
       3
       0
       3
       1
       0
       2
       1
       0
       3
       1
       2
       0
       0
       1
       2
       1
       0
       1
       1
       1
       0
       1
       1
       1
       1
       1
       0
       2
       1
       1
       1
       1
       3
       1
       1
       0
       2
       5
       1
       2
       0
       1
       3
       1
       2
       1
       0
       1
       0
       1
       1
       1
       1
       2
       0
       0
       0
       3
       2
       0
       1
       1
       3
       2
       3
       0
       2
       0
       1
       0
       0
       3
       2
       1
       1
       1
       2
       0
       1
       1
       4
       1
       0
       2
       0
       1
       1
       1
       2
       1
       2
       2
       3
       3
       1
       0
       1
       3
       2
       1
       2
       8
       1
       1
       0
       0
       1
       7
       4
       2
       2
       0
       0
       0
       0
       2
       1
       3
       2
       3
       2
       2
       2
       2
       1
       4
       3
       3
       4
       0
       2
       3
       5
       3
       2
       1
       3
       1
       5
       5
       3
       1
       4
       0
       1
       1
       1
       1
       1
       2
       3
       3
       1
       0
       1
       0
       2
       0
       0
       0
       2
       0
       1
       0
       1
       0
       1
       0
       0
       1
       1
       0
       0
       1
       3
       3
       1
       1
       0
       0
       0
       0
       1
       0
       1
       2
       1
       0
       2
       0
       0
       1
       0
       0
       1
       0
       1
       0
       0
       0
       0
       0
       1
       0
       1
       1
       0
       0
       1
       0
       0
       0
       1
       0
       0
       1
       0
       0
       1
       0
       0
       1
       1
       0
       2
       0
       2
       0
       0
       0
       0
       0
       0
       0
       0
       0
       0
       0
       0
       2
       0
       0
       0
       0
       0
       0
       0
       0
       0
       0
       0
       0
       0
       1
       0
       2
       1
       1
       0
       0
       1
       0
       0
       1
       0
       0
       0
       0
       0
       0
       1
       0
       0
       2
       0
       0
       1
       0
       1
       0
       0
       0
       0
       1
       0
       0
       0
       0
       0
       2
       1
       0
       0
       0
       0
       1
       1
       0
       0
       1
       1
       0
       0
       1
       0
       1
       3
       1
       0
       0
       1
       0
       0
       2
       0
       1
       0
       0
       2
       1
       1
       0
       0
       0
       2
       0
       0
       0
       0
       0
       0
       0
       0
       0
       0
       0
       0
       2
       0
       0
       0
       0
       0
       0
       0
       0
       0
       0
       0
       0
       0
       0
       0
       0
       0
       0
       1
       0
       1
       0
       1
       0
       0
       0
       0
       0
       0
       0
       0
       0
       0
       0
       0
       0
       0
       0
       1
       0
       0
       0
       1
       0
       0
       0
       1
       0
       0
       0
       1
       0
       0
       1
       0
       1
       0
       0
       0
       0
       0
       0
       0
       0
       0
       0
       0
$ROI:
3
6 55
212 320
787 895
$PRESETS:
None
0
0
$ENER_FIT:
0.000000 2.204597
$MCA_CAL:
3
0.000000E+000 2.204597E+000 0.000000E+000 keV
$SHAPE_CAL:
3
1.191474E+001 0.000000E+000 0.000000E+000
