$SPEC_ID:
No sample description was entered.
$SPEC_REM:
DET# 2
DETDESC# SPACESCIENCE8 digiBASE-RH SN 15121449
AP# Maestro Version 7.01
$DATE_MEA:
09/23/2024 14:23:27
$MEAS_TIM:
63 63
$DATA:
0 1023
       0
       0
       0
       0
       0
       0
       0
       0
       0
       0
     124
     520
     632
     707
     685
     679
     585
     495
     428
     376
     290
     233
     175
     175
     189
     182
     160
     172
     171
     167
     180
     175
     201
     167
     192
     195
     193
     212
     208
     202
     204
     231
     237
     201
     221
     221
     209
     233
     202
     203
     209
     218
     206
     187
     191
     221
     237
     211
     202
     220
     196
     226
     226
     189
     225
     190
     218
     223
     219
     220
     242
     218
     216
     200
     200
     226
     211
     224
     198
     224
     199
     224
     233
     236
     215
     241
     239
     224
     216
     254
     263
     238
     254
     228
     269
     256
     264
     280
     241
     257
     249
     239
     240
     233
     267
     241
     240
     232
     255
     260
     243
     208
     224
     254
     234
     222
     187
     216
     214
     251
     238
     186
     208
     229
     197
     194
     213
     195
     211
     178
     222
     181
     200
     189
     185
     200
     198
     163
     184
     177
     182
     185
     174
     148
     169
     131
     171
     154
     168
     153
     161
     131
     138
     144
     140
     161
     150
     126
     133
     135
     128
     144
     128
     145
     144
     140
     135
     133
     123
     142
     112
     116
     115
     118
     123
      99
      91
      89
     107
     100
     118
     108
     126
     125
      98
     106
      91
     113
      98
     108
     108
      85
     106
      93
     108
      91
      93
     106
     106
      91
     103
      85
      76
     101
      74
      84
      91
      78
      89
      91
      84
      76
      83
      75
      79
      91
      71
      80
      81
      68
      82
      74
      75
      68
      76
      90
      83
      64
      73
      78
      76
      52
      53
      69
      59
      53
      51
      75
      60
      68
      64
      59
      67
      56
      51
      62
      48
      59
      46
      40
      60
      45
      46
      26
      44
      27
      40
      44
      32
      37
      31
      34
      29
      32
      29
      31
      25
      36
      30
      30
      28
      23
      27
      29
      25
      26
      28
      28
      36
      31
      27
      42
      28
      29
      31
      42
      40
      35
      46
      33
      44
      52
      59
      48
      43
      52
      73
      79
      77
      85
     116
      96
     126
     124
     136
     153
     153
     178
     200
     209
     242
     268
     303
     349
     335
     434
     427
     449
     485
     537
     611
     614
     620
     639
     705
     705
     720
     758
     746
     793
     822
     864
     922
     870
     954
     981
     970
     915
    1003
     953
     979
     915
     901
     931
     929
     895
     875
     827
     805
     782
     734
     729
     660
     648
     631
     564
     568
     557
     517
     452
     396
     410
     394
     371
     293
     289
     267
     240
     197
     227
     185
     166
     132
     154
     113
     120
      86
      85
      69
      58
      64
      34
      48
      39
      36
      21
      19
      21
      24
      27
      14
      15
      12
      13
       7
       6
       9
       7
       5
       8
       2
       3
       2
       1
       4
       6
       6
       0
       2
       3
       2
       1
       1
       1
       2
       3
       0
       3
       2
       1
       2
       0
       1
       2
       3
       1
       3
       3
       4
       1
       1
       6
       5
       1
       2
       2
       2
       3
       4
       3
       1
       1
       1
       2
       5
       3
       0
       3
       0
       4
       2
       1
       4
       2
       3
       2
       1
       1
       2
       1
       3
       3
       2
       2
       1
       0
       3
       1
       1
       0
       2
       0
       0
       2
       3
       2
       2
       0
       3
       2
       1
       0
       2
       1
       1
       2
       0
       0
       4
       1
       0
       1
       3
       1
       2
       3
       0
       0
       0
       2
       3
       3
       3
       4
       1
       2
       0
       1
       0
       0
       1
       1
       1
       1
       2
       2
       0
       1
       0
       1
       2
       0
       2
       0
       4
       1
       4
       0
       0
       0
       1
       0
       0
       2
       0
       3
       1
       0
       1
       0
       1
       0
       2
       2
       0
       3
       0
       0
       3
       1
       0
       1
       0
       1
       1
       0
       1
       0
       1
       1
       3
       0
       1
       2
       1
       0
       3
       1
       0
       5
       0
       1
       0
       1
       3
       1
       2
       4
       0
       1
       1
       0
       4
       1
       2
       1
       3
       1
       0
       0
       2
       0
       0
       1
       1
       2
       0
       1
       0
       1
       0
       1
       1
       3
       1
       1
       1
       1
       1
       2
       0
       2
       1
       0
       2
       2
       0
       0
       3
       0
       1
       1
       3
       2
       1
       0
       2
       0
       0
       1
       1
       0
       0
       0
       1
       0
       2
       2
       1
       3
       0
       0
       1
       2
       0
       1
       2
       1
       0
       0
       1
       2
       2
       2
       0
       0
       1
       1
       0
       1
       2
       1
       1
       0
       1
       2
       0
       0
       3
       1
       0
       0
       2
       1
       2
       0
       0
       0
       0
       1
       0
       3
       1
       0
       1
       1
       0
       0
       1
       0
       0
       2
       2
       0
       0
       2
       1
       0
       0
       1
       1
       1
       1
       0
       2
       2
       1
       1
       1
       1
       1
       1
       3
       0
       2
       0
       2
       0
       4
       1
       1
       2
       0
       2
       3
       1
       1
       1
       2
       1
       0
       0
       3
       3
       3
       0
       1
       1
       0
       2
       0
       0
       2
       2
       1
       2
       3
       2
       0
       5
       2
       2
       0
       2
       3
       3
       0
       2
       3
       1
       1
       1
       3
       1
       0
       0
       1
       0
       2
       1
       1
       1
       1
       0
       1
       3
       1
       2
       2
       1
       0
       1
       1
       1
       0
       1
       1
       1
       0
       1
       4
       1
       0
       0
       0
       2
       2
       2
       0
       0
       0
       0
       0
       0
       1
       0
       0
       0
       1
       0
       0
       0
       0
       1
       0
       1
       0
       1
       0
       0
       0
       1
       3
       1
       0
       2
       0
       0
       0
       0
       1
       0
       1
       0
       0
       0
       0
       0
       0
       0
       0
       0
       0
       0
       1
       1
       0
       0
       0
       0
       0
       1
       0
       0
       0
       0
       0
       0
       0
       0
       0
       0
       0
       3
       1
       0
       1
       0
       0
       0
       0
       1
       0
       0
       2
       0
       1
       0
       1
       1
       0
       0
       0
       2
       0
       0
       0
       0
       0
       0
       0
       0
       0
       0
       0
       0
       1
       0
       0
       0
       1
       0
       0
       0
       0
       1
       1
       2
       0
       0
       1
       0
       0
       0
       0
       1
       1
       1
       0
       1
       0
       0
       0
       0
       1
       1
       0
       0
       0
       0
       0
       0
       0
       1
       1
       1
       0
       0
       0
       0
       0
       1
       1
       0
       0
       0
       0
       0
       0
       0
       0
       0
       1
       0
       0
       0
       1
       0
       0
       0
       0
       0
       0
       1
       0
       0
       1
       0
       0
       0
       0
       1
       0
       0
       0
       0
       0
       0
       0
       0
       0
       0
       2
       0
       0
       0
       0
       0
       0
       1
       0
       0
       0
       1
       0
       0
       0
       0
       0
       0
       0
       0
       0
       0
       0
       0
       0
       0
       0
       0
       0
       0
       1
       0
       0
       0
       0
       0
       0
       0
       0
       0
       0
       0
$ROI:
3
6 55
212 320
787 895
$PRESETS:
None
0
0
$ENER_FIT:
0.000000 2.204597
$MCA_CAL:
3
0.000000E+000 2.204597E+000 0.000000E+000 keV
$SHAPE_CAL:
3
1.191474E+001 0.000000E+000 0.000000E+000
