$SPEC_ID:
No sample description was entered.
$SPEC_REM:
DET# 2
DETDESC# SPACESCIENCE8 digiBASE-RH SN 15121449
AP# Maestro Version 7.01
$DATE_MEA:
09/23/2024 14:56:40
$MEAS_TIM:
411 411
$DATA:
0 1023
       0
       0
       0
       0
       0
       0
       0
       0
       0
       0
      37
     139
     143
     128
     155
     157
     153
     165
     178
     210
     216
     237
     249
     257
     274
     314
     296
     324
     321
     367
     387
     351
     380
     374
     408
     406
     383
     398
     387
     410
     388
     397
     402
     362
     344
     359
     332
     336
     316
     279
     302
     269
     304
     295
     272
     262
     268
     264
     259
     278
     244
     236
     202
     254
     227
     245
     217
     259
     217
     206
     219
     230
     227
     217
     218
     210
     206
     198
     203
     189
     177
     189
     174
     185
     173
     203
     177
     161
     182
     172
     179
     154
     153
     164
     158
     168
     171
     149
     143
     152
     144
     147
     154
     154
     139
     130
     130
     133
     129
     122
     115
     110
     128
     126
     133
     100
     131
     131
     119
     130
     119
      93
     124
     115
      98
     100
     109
     108
     113
     120
     119
     109
      87
      95
      94
     105
      90
      95
      93
      83
      87
     103
      83
      88
      73
      90
      79
      86
      73
      84
      94
      68
      69
      96
      75
      88
      71
      84
      81
      70
      74
      71
      69
      66
      73
      87
      59
      62
      73
      71
      58
      66
      79
      70
      73
      77
      66
      68
      62
      57
      59
      47
      62
      69
      47
      59
      54
      56
      45
      47
      36
      47
      52
      47
      36
      55
      51
      49
      44
      53
      56
      34
      32
      39
      51
      47
      44
      40
      41
      50
      38
      50
      49
      52
      49
      35
      31
      37
      40
      43
      39
      46
      38
      35
      37
      37
      29
      34
      35
      43
      43
      27
      33
      43
      39
      46
      39
      37
      27
      43
      28
      38
      28
      26
      40
      37
      41
      40
      34
      36
      34
      22
      35
      25
      40
      32
      28
      31
      28
      29
      24
      31
      40
      34
      37
      32
      27
      28
      39
      33
      29
      26
      37
      37
      31
      28
      44
      38
      36
      38
      33
      30
      22
      29
      36
      35
      26
      35
      32
      28
      33
      27
      35
      28
      25
      32
      33
      25
      38
      30
      34
      32
      34
      23
      29
      46
      39
      44
      39
      30
      33
      28
      24
      22
      34
      35
      41
      30
      30
      30
      27
      38
      35
      35
      32
      29
      30
      29
      35
      25
      32
      27
      24
      30
      30
      17
      26
      29
      25
      32
      37
      20
      22
      26
      17
      22
      18
      21
      19
      24
      15
      22
      26
      16
      27
      25
      18
      17
      13
      20
      14
      21
      21
      22
      23
      13
      10
      12
      19
      17
      14
      15
      14
      23
      10
      16
      13
      23
      21
      23
      17
      11
      24
      10
      14
      16
       8
      21
      13
      17
      17
      15
      13
      17
      12
      17
      15
      11
      16
      14
      13
      20
      12
      13
      18
      14
      12
       9
      10
      12
      15
      16
       9
      16
      18
       6
      13
      19
      13
       9
      12
      13
      15
      22
      17
      14
      11
      15
      13
      16
      12
      15
       8
      14
      13
      11
      21
      13
      17
      14
       8
      16
      16
      11
      11
      17
      13
      13
      13
      12
      14
      11
      17
      11
      20
      18
      15
      10
      14
      11
      13
      17
      14
      14
      17
      13
      12
      20
      13
      16
      14
      11
      18
      11
      13
      19
       9
      15
       9
      14
       8
      14
      12
      12
      11
       8
       8
      16
      11
       7
      19
      16
      14
       9
      11
      14
      13
      14
      10
       6
       9
      13
      11
       8
      10
       7
       6
       5
      14
      10
      11
      13
      12
       7
      11
       9
       7
       6
       8
       9
      12
      10
       9
       6
       4
       9
       4
       9
       6
      13
      11
       5
      11
      10
      10
      11
      12
      12
       9
      17
       9
      14
      19
      12
      19
      19
       9
       4
      10
      15
      12
      14
      18
      19
      15
      20
      17
      20
      13
      13
      21
      19
      17
      20
      24
      21
      25
      24
      18
      20
      24
      22
      31
      24
      29
      26
      30
      37
      30
      37
      33
      33
      28
      30
      37
      37
      28
      36
      35
      39
      41
      40
      30
      34
      35
      28
      35
      39
      36
      27
      27
      32
      25
      22
      25
      26
      31
      34
      34
      16
      30
      27
      33
      29
      22
      19
      26
      20
      25
      18
      16
      19
      23
      22
      10
      17
      14
      20
      14
      23
      16
      12
      16
      18
      16
      12
       9
      18
      18
      11
      12
      17
      18
      13
      14
      13
      23
      29
      16
      28
      22
      16
      28
      28
      23
      22
      22
      22
      25
      20
      33
      35
      26
      37
      18
      26
      25
      21
      30
      29
      26
      19
      31
      31
      31
      32
      29
      34
      28
      28
      29
      33
      32
      28
      28
      19
      18
      30
      25
      23
      27
      27
      22
      22
      30
      25
      25
      23
      21
      30
      24
      25
      21
      31
      17
      16
      13
      18
      22
      11
      23
      25
      16
      19
      22
      18
      13
      14
      17
      16
      16
      15
      15
      16
      10
      16
      15
      10
      13
      11
      11
       8
      17
      11
      10
       8
      17
       9
       9
       7
      15
      24
       9
      10
      14
      15
      10
      17
      21
      12
      17
       8
      14
      14
      14
      15
       9
       6
      14
       7
       6
      12
      15
      12
       7
      10
       1
       8
       4
       9
       8
       3
       7
       3
       3
       6
       3
       7
       5
       3
       1
       3
       4
       3
       4
       6
       1
       4
       2
       2
       3
       0
       4
       2
       5
       3
       3
       1
       1
       4
       4
       1
       3
       0
       0
       3
       0
       2
       2
       2
       3
       1
       4
       3
       2
       1
       1
       2
       2
       2
       0
       4
       1
       2
       3
       1
       0
       1
       3
       2
       0
       1
       2
       1
       0
       1
       1
       1
       0
       0
       5
       2
       0
       2
       4
       1
       4
       2
       1
       0
       1
       1
       1
       3
       3
       5
       0
       0
       4
       2
       2
       2
       4
       1
       1
       4
       1
       5
       2
       5
       4
       4
       0
       1
       2
       2
       3
       2
       4
       3
       1
       0
       0
       1
       2
       2
       5
       5
       0
       0
       0
       2
       4
       2
       2
       6
       3
       3
       3
       0
       3
       3
       0
       1
       2
       4
       3
       1
       4
       3
       1
       2
       1
       2
       0
       0
       0
       3
       3
       1
       1
       1
       3
       2
       3
       1
       2
       0
       1
       0
       1
       0
       2
       1
       3
       0
       3
       2
       0
       3
       0
       0
       1
       2
       0
       0
       5
       1
       0
       0
       0
       0
       2
       2
       0
       0
       0
       0
       0
       2
       3
       1
       0
       2
       1
       2
       0
       0
       1
       0
       3
       0
       2
       0
       0
       1
       2
       3
       1
       2
       1
       1
       1
       1
       1
       0
       1
       0
       1
       0
       1
       0
       0
       2
       2
       0
       1
       0
       2
       0
       1
       2
       0
       1
       0
       2
       0
       0
       1
       0
       1
       0
       0
       1
       2
       0
       1
       0
       2
       0
       0
       0
       0
       2
$ROI:
3
6 55
212 320
787 895
$PRESETS:
None
0
0
$ENER_FIT:
0.000000 2.204597
$MCA_CAL:
3
0.000000E+000 2.204597E+000 0.000000E+000 keV
$SHAPE_CAL:
3
1.191474E+001 0.000000E+000 0.000000E+000
