$SPEC_ID:
No sample description was entered.
$SPEC_REM:
DET# 2
DETDESC# SPACESCIENCE8 digiBASE-RH SN 15121449
AP# Maestro Version 7.01
$DATE_MEA:
09/23/2024 14:47:57
$MEAS_TIM:
404 404
$DATA:
0 1023
       0
       0
       0
       0
       0
       0
       0
       0
       0
       0
      29
     102
     141
     116
     135
     151
     158
     171
     190
     215
     220
     234
     248
     249
     262
     297
     290
     313
     318
     296
     351
     335
     346
     369
     392
     337
     384
     404
     396
     388
     377
     352
     392
     374
     337
     325
     361
     343
     294
     284
     286
     305
     287
     241
     238
     259
     260
     236
     230
     235
     247
     244
     224
     218
     230
     212
     212
     207
     190
     195
     196
     197
     217
     191
     184
     157
     203
     209
     182
     182
     184
     150
     167
     162
     185
     174
     168
     127
     176
     149
     152
     140
     156
     147
     143
     141
     134
     156
     132
     123
     150
     144
     137
     150
     156
     121
     122
     113
     117
     131
     128
     114
     133
     132
     113
     112
     140
     112
     101
     110
      97
     110
     119
      96
      98
     105
      99
     100
      94
     118
      85
      81
      97
      93
      77
      86
      89
      91
      67
      92
      75
      80
      83
      63
      63
      84
      77
      81
      77
      67
      76
      82
      79
      71
      85
      62
      76
      70
      65
      73
      61
      59
      62
      66
      69
      79
      63
      51
      54
      66
      57
      55
      61
      60
      69
      66
      57
      63
      53
      56
      47
      62
      54
      50
      50
      60
      52
      56
      49
      34
      60
      46
      47
      47
      36
      55
      48
      48
      40
      36
      36
      38
      35
      41
      35
      39
      45
      32
      48
      40
      39
      30
      41
      31
      29
      41
      36
      29
      38
      31
      35
      39
      43
      41
      34
      32
      39
      28
      33
      33
      39
      34
      31
      38
      40
      37
      31
      30
      39
      25
      26
      33
      28
      32
      30
      31
      39
      33
      37
      27
      44
      27
      34
      27
      25
      23
      34
      30
      33
      32
      25
      28
      36
      29
      29
      24
      31
      27
      26
      27
      32
      21
      20
      27
      28
      21
      31
      30
      31
      16
      24
      37
      20
      25
      24
      18
      15
      34
      27
      26
      40
      33
      36
      36
      25
      27
      24
      30
      27
      26
      31
      32
      31
      26
      28
      19
      43
      28
      27
      26
      27
      22
      32
      23
      25
      39
      30
      32
      37
      29
      32
      21
      25
      28
      38
      38
      29
      27
      31
      24
      24
      22
      30
      31
      26
      21
      28
      27
      18
      28
      29
      25
      18
      16
      15
      15
      22
      22
      20
      27
      25
      21
      19
      21
      18
      19
      33
      22
      21
      20
      19
      24
      16
      23
      12
      13
      10
      13
      19
      11
      22
      19
      15
      21
      13
      16
      15
      24
       9
      16
      20
      20
      12
      23
      19
      12
      15
      10
       9
      14
      14
      20
      12
       8
      24
      18
      17
      13
      21
       6
      14
       9
      10
      16
      14
      17
       9
      12
      10
      17
      12
      12
      14
       9
      14
      14
      15
       8
      16
      17
      11
      19
      15
      15
      13
      13
       8
      16
      10
       7
      14
      14
      10
      11
      15
      11
      18
      16
      11
      10
      12
       8
      12
      11
      17
       9
      15
      14
      13
       7
      10
      14
      19
      20
      16
      14
      14
       9
      13
      10
      12
      16
      15
      11
      11
      16
      16
       8
      10
       9
      17
      14
      12
      20
      10
      14
      12
       9
       7
       8
      11
      15
       9
       9
       5
       8
      13
      12
      14
      12
       9
      15
      11
      11
       6
       9
      12
       6
      12
      12
      10
       7
      13
      11
       7
      13
      13
      12
       5
      11
      12
       8
       9
       9
      10
       4
       9
      13
      11
       8
       9
      13
       7
       5
      10
       9
       9
       8
       7
       8
      14
       4
      12
      12
       7
       5
      12
      16
       7
       8
       5
       9
      14
       6
      15
       7
       7
      11
      14
       6
      10
       9
      13
      10
      14
      10
      15
       6
      13
      13
       9
      16
      21
      20
      10
      17
      24
      14
      28
      24
      24
      23
      15
      22
      28
      22
      21
      28
      22
      33
      20
      33
      21
      24
      20
      28
      31
      42
      26
      28
      29
      30
      31
      33
      32
      32
      21
      36
      30
      39
      27
      40
      26
      37
      29
      29
      25
      23
      27
      32
      23
      36
      23
      24
      25
      26
      26
      18
      15
      25
      16
      29
      10
      18
      14
      24
      19
      10
      20
      14
      19
      11
      13
      17
      16
      13
      11
       9
      17
      12
       9
      17
      18
      16
      19
      13
      16
      18
      19
      17
      18
      24
      21
      16
      22
      17
      18
      21
      24
      17
      29
      25
      22
      25
      26
      15
      29
      15
      21
      22
      19
      31
      31
      24
      24
      33
      16
      26
      17
      24
      19
      25
      18
      28
      23
      23
      21
      17
      12
      25
      15
      21
      22
      24
      12
      25
      21
      24
      18
      16
      16
      16
      29
      14
      23
      16
      22
      16
      21
      26
      22
      14
      11
      12
      12
      12
      14
      15
      22
      16
       6
      12
       8
      17
      17
       8
      17
      18
      16
      10
      19
      19
      13
      22
      11
      10
      20
       8
      15
      10
      17
      11
      18
      13
      10
      12
       9
      15
      13
      13
      13
      14
       7
      15
       7
      14
      13
      11
      11
       6
       7
       9
       4
       9
       9
      11
       5
       7
       4
       3
       8
      12
       4
       8
       5
       4
       3
       7
      10
       1
       9
       7
       6
       6
       2
       4
       0
       3
       3
       6
       2
       2
       3
       5
       0
       2
       3
       1
       1
       4
       3
       0
       1
       3
       2
       2
       2
       1
       3
       2
       2
       1
       1
       0
       0
       0
       2
       5
       1
       1
       3
       0
       4
       5
       0
       1
       1
       1
       0
       1
       1
       1
       2
       1
       2
       1
       2
       1
       2
       2
       0
       0
       4
       1
       1
       2
       1
       0
       2
       1
       4
       3
       0
       0
       0
       1
       1
       6
       1
       1
       2
       2
       3
       5
       0
       3
       3
       1
       3
       2
       2
       2
       1
       4
       5
       3
       3
       0
       3
       4
       6
       1
       3
       2
       2
       2
       2
       0
       2
       1
       2
       1
       1
       1
       2
       3
       3
       2
       2
       0
       3
       1
       6
       0
       2
       2
       0
       3
       1
       3
       2
       1
       4
       2
       2
       1
       0
       2
       1
       2
       1
       2
       2
       3
       0
       0
       0
       1
       4
       1
       3
       4
       5
       1
       1
       1
       2
       1
       1
       2
       2
       1
       4
       1
       2
       3
       1
       3
       2
       0
       1
       2
       0
       1
       0
       2
       1
       0
       1
       0
       1
       3
       1
       0
       0
       1
       0
       1
       2
       1
       2
       1
       1
       0
       0
       1
       1
       0
       0
       1
       0
       2
       0
       0
       0
       1
       2
       0
       1
       0
       0
       1
       0
       0
       2
       1
       0
       0
       1
       2
       1
       4
       0
       2
       1
       0
       2
       0
       0
       0
       1
       2
       0
       0
       0
       0
       0
       1
       2
       3
       0
       0
       0
       1
$ROI:
3
6 55
212 320
787 895
$PRESETS:
None
0
0
$ENER_FIT:
0.000000 2.204597
$MCA_CAL:
3
0.000000E+000 2.204597E+000 0.000000E+000 keV
$SHAPE_CAL:
3
1.191474E+001 0.000000E+000 0.000000E+000
