$SPEC_ID:
No sample description was entered.
$SPEC_REM:
DET# 2
DETDESC# SPACESCIENCE8 digiBASE-RH SN 15121449
AP# Maestro Version 7.01
$DATE_MEA:
09/23/2024 15:04:57
$MEAS_TIM:
405 405
$DATA:
0 1023
       0
       0
       0
       0
       0
       0
       0
       0
       0
       0
      35
     119
     147
     151
     134
     157
     187
     171
     187
     203
     216
     251
     239
     266
     262
     293
     282
     286
     330
     337
     339
     361
     383
     372
     392
     437
     412
     404
     413
     391
     387
     378
     397
     395
     347
     367
     340
     349
     314
     306
     309
     270
     302
     302
     284
     273
     284
     300
     244
     238
     284
     244
     229
     246
     247
     257
     251
     229
     236
     236
     231
     233
     212
     257
     205
     230
     239
     177
     187
     205
     223
     200
     192
     201
     186
     158
     171
     171
     161
     193
     179
     158
     169
     145
     148
     158
     133
     148
     140
     146
     147
     146
     157
     136
     150
     148
     160
     134
     149
     135
     129
     119
     130
     137
     140
     144
     136
     124
     124
     118
     139
     113
     117
     119
     113
     125
     130
     104
     109
     115
     110
      99
      94
      97
     104
      90
      93
     110
     111
      81
      91
      94
      83
      90
      96
     109
     103
      88
      87
     103
     101
      86
      86
      83
      89
      90
      73
      70
      66
      81
      87
      65
      79
      73
      82
      74
      81
      77
      69
      71
      56
      68
      69
      59
      62
      58
      70
      73
      82
      69
      75
      52
      54
      58
      52
      52
      48
      64
      55
      51
      52
      49
      45
      55
      60
      50
      58
      49
      53
      46
      53
      36
      55
      53
      57
      49
      35
      25
      33
      51
      37
      41
      28
      39
      42
      41
      40
      44
      46
      41
      38
      52
      42
      49
      43
      34
      32
      44
      31
      43
      36
      41
      40
      38
      40
      39
      45
      34
      37
      29
      39
      33
      38
      44
      34
      39
      41
      29
      37
      39
      30
      31
      33
      32
      30
      25
      30
      31
      39
      36
      40
      38
      36
      34
      34
      32
      23
      30
      33
      42
      23
      37
      29
      31
      23
      31
      24
      33
      38
      26
      37
      39
      28
      28
      34
      28
      34
      30
      37
      42
      29
      39
      35
      22
      35
      36
      31
      40
      34
      41
      25
      30
      34
      40
      33
      28
      33
      23
      30
      32
      38
      36
      34
      38
      35
      33
      30
      33
      35
      36
      26
      40
      27
      21
      33
      23
      27
      34
      29
      19
      30
      20
      32
      33
      33
      30
      20
      20
      24
      31
      20
      18
      22
      10
      20
      21
      26
      29
      16
      24
      14
      21
      27
      19
      18
      22
      17
      20
      14
      17
      14
      19
      16
      12
      16
      17
      15
      24
      14
      16
      22
      13
      18
      19
      13
      24
      21
      30
      15
      21
      19
      19
      10
      19
      16
      19
      15
      17
      15
      16
      15
      23
      22
      13
      11
      12
      18
      20
      19
      15
      13
      18
      10
      17
      13
      20
      19
      15
      14
      12
      18
      18
      26
       8
      19
      18
      13
      20
      12
      14
      18
      18
      18
      13
      17
      15
      20
      13
      18
      13
       9
      19
      14
      17
      10
      16
      14
      13
      13
      16
      15
      11
      17
      18
      10
      17
      11
      17
      12
      15
      16
      16
      20
      12
      14
      15
      14
      12
      16
      16
      11
      11
      15
      10
      12
      11
      14
      18
      18
      16
      20
      11
      12
      12
      13
      11
      16
      15
       8
       5
       8
      20
       8
      14
      10
      21
       8
      10
      11
      15
       9
      14
      15
      11
       9
      14
      16
      14
      11
       7
      22
       6
       9
      10
       8
      11
       6
       6
      15
       8
       6
      12
       9
      10
       7
       8
      11
       8
       9
       9
       6
       9
       9
       9
      11
       7
      18
      11
      13
      10
      11
      10
      12
      11
      14
      16
      10
      14
      15
      11
      13
      19
      10
      13
      12
      13
      16
      19
      10
      12
      19
      14
      20
      16
      16
      16
      20
      27
      22
      17
      11
      32
      25
      28
      34
      26
      28
      18
      32
      29
      19
      26
      27
      27
      35
      30
      38
      37
      42
      34
      33
      31
      29
      38
      33
      41
      33
      29
      54
      29
      48
      46
      25
      40
      48
      34
      39
      44
      47
      31
      34
      35
      40
      31
      43
      28
      29
      26
      24
      26
      30
      26
      27
      26
      26
      30
      15
      25
      23
      19
      22
      28
      17
      28
      13
      20
       9
      18
      22
      22
      22
      15
      20
      20
      22
      13
      25
      15
      23
      11
      17
      18
      14
      23
      21
      26
      26
      23
      22
      25
      19
      23
      23
      24
      28
      32
      26
      28
      30
      27
      30
      37
      34
      33
      21
      25
      37
      25
      27
      27
      36
      38
      31
      33
      28
      26
      20
      33
      33
      28
      33
      31
      26
      21
      32
      24
      28
      18
      23
      35
      23
      28
      17
      26
      24
      29
      26
      23
      33
      19
      20
      25
      16
      22
      18
      18
      22
      12
      13
      18
      12
      11
      15
      14
      22
      19
      17
      22
      15
      14
       9
      15
      25
      19
       9
       7
      25
      13
      14
      21
      13
      14
      15
      11
      21
      17
      19
      13
      13
       9
      17
      11
      13
      13
      18
      17
      14
       8
       7
       9
      16
       8
      11
       9
       7
       7
      15
      13
      11
       6
      10
      16
       8
       6
      11
       9
       3
       6
       9
       8
       4
       6
       9
       7
       8
       6
       4
       5
       5
       4
       0
       2
       2
      14
       4
       5
       7
       6
       6
       4
       2
       7
       2
       5
       1
       5
       2
       2
       4
       5
       3
       1
       3
       3
       2
       3
       2
       0
       4
       2
       2
       1
       2
       4
       4
       1
       0
       4
       2
       1
       2
       2
       2
       3
       0
       3
       3
       3
       1
       4
       3
       0
       7
       1
       1
       1
       2
       1
       3
       1
       1
       2
       1
       1
       6
       0
       1
       2
       1
       1
       3
       6
       4
       1
       2
       4
       3
       2
       5
       1
       0
       2
       2
       3
       2
       3
       3
       1
       2
       5
       2
       0
       0
       1
       1
       2
       3
       0
       2
       1
       2
       4
       0
       1
       4
       3
       4
       3
       2
       1
       2
       2
       4
       3
       1
       3
       2
       5
       3
       2
       3
       1
       1
       4
       4
       5
       0
       3
       1
       4
       2
       0
       2
       2
       0
       2
       3
       1
       0
       2
       1
       1
       1
       3
       0
       3
       1
       1
       3
       1
       0
       2
       2
       4
       1
       1
       1
       0
       1
       0
       2
       1
       1
       4
       0
       2
       2
       0
       3
       3
       1
       0
       1
       2
       0
       2
       2
       2
       0
       0
       1
       0
       0
       2
       0
       1
       2
       1
       1
       0
       2
       1
       1
       0
       1
       2
       2
       1
       3
       1
       0
       0
       3
       0
       0
       0
       0
       0
       0
       0
       0
       2
       1
       0
       3
       0
       1
       0
       1
       1
       1
       0
       1
       1
       1
       0
       3
       0
       1
       2
       0
       2
       1
       0
       1
       1
       2
       2
       2
       1
       0
       0
       0
       1
$ROI:
3
6 55
212 320
787 895
$PRESETS:
None
0
0
$ENER_FIT:
0.000000 2.204597
$MCA_CAL:
3
0.000000E+000 2.204597E+000 0.000000E+000 keV
$SHAPE_CAL:
3
1.191474E+001 0.000000E+000 0.000000E+000
